-15.23	0
-15.22	1.978079
-15.21	3.95808
-15.2	2.89478
-15.19	3.05441
-15.18	3.21145
-15.17	3.36381
-15.16	3.52672
-15.15	3.68137
-15.14	3.739
-15.13	3.54246
-15.12	3.33872
-15.11	3.23482
-15.1	3.31498
-15.09	3.39358
-15.08	3.468
-15.07	3.54811
-15.06	3.62651
-15.05	3.70043
-15.04	3.77499
-15.03	3.85344
-15.02	7.6768
-15.01	6.12163
-15	4.57192
-14.99	3.02874
-14.98	1.64234
-14.97	1.42002
-14.96	1.19657
-14.95	1.10654
-14.94	1.20464
-14.93	1.30395
-14.92	1.40185
-14.91	1.50012
-14.9	1.72877
-14.89	2.0481
-14.88	2.36432
-14.87	5.0752
-14.86	11.9138
-14.85	2.54334
-14.84	2.5759
-14.83	2.6169
-14.82	2.6493
-14.81	2.6799
-14.8	2.7163
-14.79	2.7458
-14.78	2.7793
-14.77	2.8147
-14.76	2.8549
-14.75	2.9002
-14.74	2.9391
-14.73	2.9838
-14.72	3.0173
-14.71	3.062
-14.7	3.1078
-14.69	3.1473
-14.68	3.1893
-14.67	4.3466
-14.66	4.17
-14.65	3.9902
-14.64	3.807
-14.63	3.6564
-14.62	3.5299
-14.61	3.401
-14.6	3.4338
-14.59	3.475
-14.58	3.5176
-14.57	3.5622
-14.56	3.6096
-14.55	3.6552
-14.54	3.7051
-14.53	3.7465
-14.52	3.7907
-14.51	3.1192
-14.5	3.1441
-14.49	3.1693
-14.48	3.1851
-14.47	3.216
-14.46	3.2369
-14.45	3.0906
-14.44	3.0656
-14.43	3.0415
-14.42	3.1364
-14.41	3.1379
-14.4	3.1358
-14.39	3.1371
-14.38	3.1432
-14.37	3.1461
-14.36	3.1412
-14.35	3.143
-14.34	3.8155
-14.33	5.644
-14.32	5.3572
-14.31	5.0711
-14.3	4.7727
-14.29	4.4904
-14.28	4.1996
-14.27	3.904
-14.26	3.6185
-14.25	3.3273
-14.24	3.0376
-14.23	2.7533
-14.22	2.4732
-14.21	2.3134
-14.2	2.2512
-14.19	2.1866
-14.18	2.2192
-14.17	5.4019
-14.16	4.683
-14.15	3.9621
-14.14	3.235
-14.13	2.5049
-14.12	1.77324
-14.11	1.9398
-14.1	2.2995
-14.09	2.654
-14.08	3.0174
-14.07	3.3669
-14.06	3.7266
-14.05	4.0858
-14.04	4.4514
-14.03	4.8086
-14.02	5.1716
-14.01	3.1332
-14	2.7096
-13.99	2.7336
-13.98	2.7564
-13.97	2.7763
-13.96	2.8001
-13.95	2.8204
-13.94	2.8458
-13.93	2.8733
-13.92	2.8893
-13.91	2.9089
-13.9	2.9357
-13.89	2.9559
-13.88	2.982
-13.87	4.4847
-13.86	9.2341
-13.85	14.013
-13.84	3.3067
-13.83	3.3009
-13.82	3.3076
-13.81	3.311
-13.8	3.314
-13.79	3.3196
-13.78	3.3173
-13.77	3.3179
-13.76	3.374
-13.75	3.4394
-13.74	3.5041
-13.73	3.5678
-13.72	3.6321
-13.71	3.6983
-13.7	3.7617
-13.69	3.8319
-13.68	3.8968
-13.67	3.9598
-13.66	4.0305
-13.65	4.09
-13.64	4.1301
-13.63	4.1651
-13.62	4.2173
-13.61	4.3066
-13.6	4.399
-13.59	4.4911
-13.58	4.5785
-13.57	4.6721
-13.56	4.7608
-13.55	4.8509
-13.54	4.9449
-13.53	5.9556
-13.52	5.0883
-13.51	4.225
-13.5	3.36
-13.49	2.4929
-13.48	1.6923
-13.47	3.464
-13.46	5.2869
-13.45	5.4231
-13.44	5.0763
-13.43	4.7239
-13.42	4.3652
-13.41	4.0064
-13.4	3.6551
-13.39	3.3063
-13.38	1.5504
-13.37	1.5977
-13.36	1.6433
-13.35	1.6902
-13.34	1.736
-13.33	1.783
-13.32	1.8305
-13.31	1.8761
-13.3	1.9218
-13.29	1.9695
-13.28	2.0154
-13.27	2.0627
-13.26	2.1098
-13.25	2.1569
-13.24	2.204
-13.23	5.7823
-13.22	5.7904
-13.21	5.7895
-13.2	5.7921
-13.19	5.8009
-13.18	5.8026
-13.17	4.6686
-13.16	3.0115
-13.15	2.331
-13.14	2.97
-13.13	3.6161
-13.12	4.2588
-13.11	4.9049
-13.1	5.5531
-13.09	6.2077
-13.08	14.2778
-13.07	7.6907
-13.06	5.2737
-13.05	4.8123
-13.04	4.3504
-13.03	3.8898
-13.02	3.5016
-13.01	3.1161
-13	2.7415
-12.99	2.3973
-12.98	2.4378
-12.97	2.4854
-12.96	2.5339
-12.95	2.8052
-12.94	3.0887
-12.93	3.3906
-12.92	3.7061
-12.91	4.0084
-12.9	4.3152
-12.89	4.627
-12.88	4.9339
-12.87	5.2473
-12.86	5.5586
-12.85	5.8701
-12.84	6.1803
-12.83	6.4936
-12.82	5.285
-12.81	5.2569
-12.8	5.2883
-12.79	9.5813
-12.78	5.0295
-12.77	4.7413
-12.76	4.7221
-12.75	4.7016
-12.74	4.6628
-12.73	4.5785
-12.72	4.4893
-12.71	4.4026
-12.7	4.3155
-12.69	4.2307
-12.68	4.1422
-12.67	4.0454
-12.66	3.9446
-12.65	3.8534
-12.64	3.8556
-12.63	3.8571
-12.62	3.8562
-12.61	3.8614
-12.6	3.86
-12.59	3.8648
-12.58	5.0055
-12.57	5.0544
-12.56	5.0962
-12.55	5.1469
-12.54	5.1868
-12.53	5.2326
-12.52	5.2741
-12.51	5.3205
-12.5	5.3542
-12.49	5.3988
-12.48	5.4397
-12.47	5.4926
-12.46	5.5599
-12.45	8.0535
-12.44	10.4914
-12.43	12.8747
-12.42	9.9015
-12.41	8.6607
-12.4	7.6098
-12.39	6.596
-12.38	6.4884
-12.37	5.7747
-12.36	5.0677
-12.35	4.5482
-12.34	4.14404
-12.33	0.381360000000008
-12.32	0.499095
-12.31	0.88051
-12.3	1.35331
-12.29	2.16022
-12.28	2.97133
-12.27	3.7803
-12.26	4.9957
-12.25	6.3455
-12.24	7.6912
-12.23	9.0384
-12.22	11.4146
-12.21	16.373
-12.2	11.1233
-12.19	10.5462
-12.18	9.9674
-12.17	9.3892
-12.16	8.8078
-12.15	8.4025
-12.14	8.8917
-12.13	9.3791
-12.12	9.8479
-12.11	8.1766
-12.1	7.9214
-12.09	13.8507
-12.08	13.6572
-12.07	6.2734
-12.06	5.8456
-12.05	5.4217
-12.04	4.9976
-12.03	4.5753
-12.02	4.1547
-12.01	3.74309
-12	3.35693
-11.99	3.20772
-11.98	3.04499
-11.97	2.89544
-11.96	2.75428
-11.95	2.8407
-11.94	3.55355
-11.93	4.36463
-11.92	5.159
-11.91	5.95119
-11.9	6.7299
-11.89	7.4968
-11.88	3.66766
-11.87	3.75594
-11.86	3.83594
-11.85	3.91719
-11.84	3.96813
-11.83	4.22088
-11.82	4.25232
-11.81	4.07829
-11.8	3.90094
-11.79	3.72938
-11.78	3.55725
-11.77	3.3848
-11.76	3.21341
-11.75	3.04051
-11.74	2.93836
-11.73	2.92616
-11.72	2.91166
-11.71	2.89035
-11.7	2.87915
-11.69	2.86377
-11.68	2.84651
-11.67	2.83314
-11.66	3.95269
-11.65	3.20689
-11.64	2.465342
-11.63	1.728236
-11.62	1.001187
-11.61	0.2785471
-11.6	0
-11.59	0
-11.58	0
-11.57	0
-11.56	0
-11.55	0
-11.54	0
-11.53	0
-11.52	0
-11.51	0
-11.5	0
-11.49	0
-11.48	0
-11.47	0
-11.46	0
-11.45	0
-11.44	0
-11.43	0
-11.42	0
-11.41	0
-11.4	0
-11.39	0
-11.38	0
-11.37	0
-11.36	0
-11.35	0
-11.34	0
-11.33	0
-11.32	0
-11.31	0.0404697
-11.3	0.1230515
-11.29	0.2062575
-11.28	0.1349211
-11.27	0.1421322
-11.26	0.1494664
-11.25	0.1567653
-11.24	0.1640159
-11.23	0.1713979
-11.22	0.1791303
-11.21	0.1758194
-11.2	0.1677569
-11.19	0.1599627
-11.18	0.1566668
-11.17	0.1601181
-11.16	0.1636358
-11.15	0.1674395
-11.14	0.1707073
-11.13	0.1746202
-11.12	0.1779243
-11.11	0.1817039
-11.1	0.1847856
-11.09	0.1887317
-11.08	0.37088
-11.07	0.311007
-11.06	0.250695
-11.05	0.1903431
-11.04	0.1296688
-11.03	0.0774439
-11.02	0.0687776
-11.01	0.0616283
-11	0.0664747
-10.99	0.0713937
-10.98	0.0762103
-10.97	0.0810264
-10.96	0.085856
-10.95	0.0907395
-10.94	0.0971957
-10.93	0.1109296
-10.92	0.205063
-10.91	0.393652
-10.9	0.586584
-10.89	0.129893
-10.88	0.131609
-10.87	0.133311
-10.86	0.135074
-10.85	0.136787
-10.84	0.138452
-10.83	0.140178
-10.82	0.141868
-10.81	0.143571
-10.8	0.145336
-10.79	0.147219
-10.78	0.149325
-10.77	0.151439
-10.76	0.153509
-10.75	0.155573
-10.74	0.157746
-10.73	0.159781
-10.72	0.161884
-10.71	0.164128
-10.7	0.166028
-10.69	0.232058
-10.68	0.222579
-10.67	0.212558
-10.66	0.202889
-10.65	0.192593
-10.64	0.185113
-10.63	0.178208
-10.62	0.178633
-10.61	0.180979
-10.6	0.182596
-10.59	0.184922
-10.58	0.187266
-10.57	0.189582
-10.56	0.19187
-10.55	0.193877
-10.54	0.196166
-10.53	0.198484
-10.52	0.200673
-10.51	0.162601
-10.5	0.163978
-10.49	0.16477
-10.48	0.165521
-10.47	0.166824
-10.46	0.167549
-10.45	0.166513
-10.44	0.161903
-10.43	0.161002
-10.42	0.161587
-10.41	0.164444
-10.4	0.16472
-10.39	0.16496
-10.38	0.165234
-10.37	0.165463
-10.36	0.165617
-10.35	0.165796
-10.34	0.166023
-10.33	0.201173
-10.32	0.29595
-10.31	0.282146
-10.3	0.268023
-10.29	0.253951
-10.28	0.240093
-10.27	0.226304
-10.26	0.212191
-10.25	0.19855
-10.24	0.184042
-10.23	0.170341
-10.22	0.156171
-10.21	0.142067
-10.2	0.12837
-10.19	0.118984
-10.18	0.115767
-10.17	0.115836
-10.16	0.117421
-10.15	0.119711
-10.14	0.300502
-10.13	0.256165
-10.12	0.212208
-10.11	0.168722
-10.1	0.125709
-10.09	0.093312
-10.08	0.110099
-10.07	0.130673
-10.06	0.151196
-10.05	0.171564
-10.04	0.191764
-10.03	0.212291
-10.02	0.232695
-10.01	0.252493
-10	0.272705
-9.99	0.292451
-9.98	0.150669
-9.97	0.151851
-9.96	0.153012
-9.95	0.154214
-9.94	0.155321
-9.93	0.156479
-9.92	0.157727
-9.91	0.158866
-9.9	0.159974
-9.89	0.161149
-9.88	0.162351
-9.87	0.163578
-9.86	0.164533
-9.85	0.165791
-9.84	0.166995
-9.83	0.168096
-9.82	0.193672
-9.81	0.514412
-9.8	0.84788
-9.79	0.189799
-9.78	0.190429
-9.77	0.191142
-9.76	0.191886
-9.75	0.19276
-9.74	0.193568
-9.73	0.193966
-9.72	0.196766
-9.71	0.199099
-9.7	0.201807
-9.69	0.204521
-9.68	0.20706
-9.67	0.209467
-9.66	0.212195
-9.65	0.215277
-9.64	0.21742
-9.63	0.218967
-9.62	0.219548
-9.61	0.223693
-9.6	0.228367
-9.59	0.232731
-9.58	0.236952
-9.57	0.241623
-9.56	0.246305
-9.55	0.25017
-9.54	0.254935
-9.53	0.259321
-9.52	0.263847
-9.51	0.26861
-9.5	0.273528
-9.49	0.293178
-9.48	0.312656
-9.47	0.331871
-9.46	0.351381
-9.45	0.473083
-9.44	0.218084
-9.43	0.238048
-9.42	0.283612
-9.41	0.34463
-9.4	0.405057
-9.39	0.226717
-9.38	0.249274
-9.37	0.270656
-9.36	0.348502
-9.35	0.386983
-9.34	0.426883
-9.33	0.46605
-9.32	0.50195
-9.31	0.53723
-9.3	0.56905
-9.29	0.59934
-9.28	0.62694
-9.27	0.65175
-9.26	1.09868
-9.25	2.05547
-9.24	3.03309
-9.23	4.03709
-9.22	5.07521
-9.21	6.1228
-9.2	15.9425
-9.19	6.609
-9.18	5.7973
-9.17	5.05412
-9.16	4.38847
-9.15	3.65914
-9.14	3.11738
-9.13	2.65894
-9.12	2.26551
-9.11	1.94784
-9.1	1.60507
-9.09	1.11337
-9.08	1.24461
-9.07	1.40592
-9.06	1.55796
-9.05	10.1521
-9.04	10.0193
-9.03	9.8017
-9.02	8.96359
-9.01	7.19001
-9	5.57857
-8.99	5.13
-8.98	4.7581
-8.97	4.6277
-8.96	4.6075
-8.95	4.7977
-8.94	5.1004
-8.93	5.4788
-8.92	5.9361
-8.91	6.4775
-8.9	7.0348
-8.89	7.5881
-8.88	8.1451
-8.87	9.544
-8.86	11.0498
-8.85	12.5711
-8.84	14.1125
-8.83	10.9485
-8.82	10.9828
-8.81	11.015
-8.8	9.4887
-8.79	8.3883
-8.78	7.2726
-8.77	6.2123
-8.76	5.4706
-8.75	4.933
-8.74	4.4621
-8.73	4.1595
-8.72	4.018
-8.71	3.8614
-8.7	3.7131
-8.69	4.0115
-8.68	4.4174
-8.67	4.81755
-8.66	5.20622
-8.65	5.67651
-8.64	6.59967
-8.63	7.522
-8.62	8.4446
-8.61	9.3608
-8.6	39.1204
-8.59	30.3606
-8.58	21.7541
-8.57	16.2497
-8.56	11.6998
-8.55	7.188
-8.54	4.993
-8.53	4.9551
-8.52	4.9163
-8.51	4.8876
-8.5	5.1234
-8.49	5.7899
-8.48	6.4419
-8.47	7.0813
-8.46	7.7037
-8.45	8.3041
-8.44	8.8924
-8.43	8.7231
-8.42	8.3977
-8.41	8.0903
-8.4	7.7817
-8.39	7.4898
-8.38	7.1875
-8.37	6.8993
-8.36	17.8664
-8.35	8.1805
-8.34	3.6578
-8.33	3.6924
-8.32	3.7327
-8.31	3.7694
-8.3	3.8078
-8.29	3.8429
-8.28	3.8788
-8.27	3.9147
-8.26	3.9519
-8.25	3.9892
-8.24	6.9612
-8.23	6.6853
-8.22	6.4169
-8.21	6.1439
-8.2	5.876
-8.19	5.6163
-8.18	5.3502
-8.17	5.0904
-8.16	7.7404
-8.15	7.2223
-8.14	6.7088
-8.13	6.1986
-8.12	5.685
-8.11	5.1709
-8.1	4.6647
-8.09	4.1564
-8.08	3.6549
-8.07	3.1529
-8.06	2.6476
-8.05	2.1497
-8.04	1.72302
-8.03	1.31802
-8.02	0.94372
-8.01	1.53514
-8	2.21946
-7.99	2.58015
-7.98	2.61052
-7.97	2.36686
-7.96	1.90286
-7.95	2.00594
-7.94	2.36845
-7.93	2.58253
-7.92	2.62671
-7.91	2.48842
-7.9	2.56741
-7.89	2.7972
-7.88	3.0286
-7.87	3.2519
-7.86	3.4694
-7.85	3.6848
-7.84	3.8942
-7.83	4.0926
-7.82	4.2973
-7.81	4.4938
-7.8	4.6888
-7.79	4.9048
-7.78	5.16
-7.77	5.4216
-7.76	5.6793
-7.75	5.9404
-7.74	6.2111
-7.73	6.4773
-7.72	6.7505
-7.71	7.0205
-7.7	7.3006
-7.69	4.881
-7.68	4.7464
-7.67	6.927
-7.66	5.2166
-7.65	4.4431
-7.64	3.7831
-7.63	3.2398
-7.62	2.811
-7.61	2.4919
-7.6	2.6624
-7.59	7.0709
-7.58	2.2742
-7.57	2.1883
-7.56	2.1327
-7.55	2.0979
-7.54	2.0844
-7.53	2.0958
-7.52	2.1449
-7.51	2.198
-7.5	2.25
-7.49	2.3035
-7.48	2.1807
-7.47	2.2538
-7.46	2.336
-7.45	2.4385
-7.44	2.5458
-7.43	2.6726
-7.42	2.8091
-7.41	2.9637
-7.4	3.1294
-7.39	3.3548
-7.38	3.6389
-7.37	3.9906
-7.36	4.3949
-7.35	4.8662
-7.34	5.416
-7.33	6.0394
-7.32	6.5745
-7.31	5.7509
-7.3	5.0488
-7.29	11.5753
-7.28	8.2074
-7.27	5.6754
-7.26	3.9762
-7.25	3.0776
-7.24	2.6863
-7.23	2.3216
-7.22	1.9603
-7.21	1.61032
-7.2	1.27364
-7.19	0.97552
-7.18	0.85433
-7.17	0.95606
-7.16	1.1922
-7.15	1.3948
-7.14	1.56378
-7.13	1.69797
-7.12	1.80502
-7.11	1.8743
-7.1	1.89676
-7.09	1.865
-7.08	1.78963
-7.07	1.66364
-7.06	1.48856
-7.05	1.38143
-7.04	1.43906
-7.03	1.49393
-7.02	1.54661
-7.01	1.60002
-7	1.6502
-6.99	1.69822
-6.98	1.74534
-6.97	1.79806
-6.96	2.2778
-6.95	4.0229
-6.94	6.8331
-6.93	12.9405
-6.92	18.1384
-6.91	11.8117
-6.9	3.69863
-6.89	3.67095
-6.88	3.6519
-6.87	3.6283
-6.86	3.6083
-6.85	3.5899
-6.84	3.5485
-6.83	3.5297
-6.82	3.5136
-6.81	3.503
-6.8	3.4876
-6.79	3.4714
-6.78	3.4581
-6.77	3.45
-6.76	3.4321
-6.75	3.4245
-6.74	3.4147
-6.73	9.6542
-6.72	9.4953
-6.71	7.9398
-6.7	6.4274
-6.69	5.5506
-6.68	4.873
-6.67	4.3868
-6.66	4.1176
-6.65	3.9742
-6.64	3.8126
-6.63	3.6253
-6.62	3.419
-6.61	3.19
-6.6	3.164
-6.59	3.3027
-6.58	3.7455
-6.57	3.9911
-6.56	4.2361
-6.55	4.514
-6.54	4.7753
-6.53	4.892
-6.52	4.9217
-6.51	4.9488
-6.5	4.9745
-6.49	4.9976
-6.48	5.0142
-6.47	5.0244
-6.46	5.0338
-6.45	5.0407
-6.44	5.0358
-6.43	5.0268
-6.42	5.0242
-6.41	5.0056
-6.4	4.9878
-6.39	4.9641
-6.38	4.9418
-6.37	4.9123
-6.36	4.8785
-6.35	4.8327
-6.34	4.7881
-6.33	5.8739
-6.32	8.6492
-6.31	5.6573
-6.3	6.7344
-6.29	11.3627
-6.28	5.931
-6.27	5.477
-6.26	5.0919
-6.25	4.7771
-6.24	4.5291
-6.23	4.3632
-6.22	4.2612
-6.21	4.233
-6.2	5.4436
-6.19	4.9608
-6.18	4.4842
-6.17	4.0028
-6.16	49.8127
-6.15	5.73196
-6.14	8.5097
-6.13	11.47637
-6.12	5.47235
-6.11	5.13897
-6.1	4.7825
-6.09	4.40433
-6.08	3.98477
-6.07	3.54772
-6.06	3.08532
-6.05	2.59006
-6.04	2.07297
-6.03	1.62071
-6.02	1.431041
-6.01	1.638544
-6	1.878751
-5.99	2.34638
-5.98	3.04559
-5.97	3.96209
-5.96	4.59189
-5.95	4.90174
-5.94	4.87027
-5.93	4.51316
-5.92	3.14942
-5.91	3.48792
-5.9	3.73839
-5.89	3.90592
-5.88	3.98539
-5.87	3.99433
-5.86	3.90694
-5.85	5.6142
-5.84	8.8264
-5.83	11.919
-5.82	3.4485
-5.81	3.5341
-5.8	3.6306
-5.79	3.7502
-5.78	3.9022
-5.77	4.0501
-5.76	4.204
-5.75	4.3605
-5.74	4.5169
-5.73	4.6694
-5.72	4.833
-5.71	4.9895
-5.7	5.1527
-5.69	5.3356
-5.68	5.5948
-5.67	5.9306
-5.66	6.3376
-5.65	6.8173
-5.64	7.365
-5.63	29.651
-5.62	16.3819
-5.61	8.00314
-5.6	4.85263
-5.59	7.42128
-5.58	10.24169
-5.57	13.15155
-5.56	16.1269
-5.55	5.8954
-5.54	5.96891
-5.53	6.04731
-5.52	6.11712
-5.51	6.18046
-5.5	6.39033
-5.49	6.46066
-5.48	6.52556
-5.47	6.81464
-5.46	6.88944
-5.45	7.1235
-5.44	7.4713
-5.43	7.9512
-5.42	8.2237
-5.41	8.2475
-5.4	8.4475
-5.39	8.4885
-5.38	8.48
-5.37	8.5628
-5.36	8.8251
-5.35	9.0245
-5.34	9.0446
-5.33	9.0321
-5.32	9.0379
-5.31	9.0568
-5.3	9.0876
-5.29	8.8877
-5.28	8.3525
-5.27	7.8727
-5.26	7.4811
-5.25	7.1217
-5.24	6.7884
-5.23	6.6168
-5.22	13.7047
-5.21	6.8947
-5.2	7.1528
-5.19	7.4056
-5.18	7.6027
-5.17	7.867
-5.16	8.1258
-5.15	8.3819
-5.14	8.6484
-5.13	8.9897
-5.12	9.4567
-5.11	9.9273
-5.1	10.4072
-5.09	10.8826
-5.08	11.3617
-5.07	11.8512
-5.06	12.3463
-5.05	12.8376
-5.04	11.5395
-5.03	9.4084
-5.02	7.5281
-5.01	5.98265
-5	6.64284
-4.99	7.27906
-4.98	7.53091
-4.97	7.6482
-4.96	7.60727
-4.95	7.56869
-4.94	7.53
-4.93	7.48953
-4.92	7.43989
-4.91	7.397
-4.9	7.34592
-4.89	7.29545
-4.88	5.68224
-4.87	5.63574
-4.86	5.58441
-4.85	5.53192
-4.84	5.48361
-4.83	5.43707
-4.82	5.38839
-4.81	5.33905
-4.8	5.29009
-4.79	5.24306
-4.78	5.19201
-4.77	5.14452
-4.76	5.09321
-4.75	5.04319
-4.74	4.99269
-4.73	4.9422
-4.72	4.89466
-4.71	13.0742
-4.7	5.26273
-4.69	3.82266
-4.68	3.84051
-4.67	3.97744
-4.66	4.10884
-4.65	4.22272
-4.64	4.3237
-4.63	4.42283
-4.62	4.50667
-4.61	4.58123
-4.6	4.64378
-4.59	4.68983
-4.58	5.84241
-4.57	11.26511
-4.56	17.5193
-4.55	20.93868
-4.54	21.55123
-4.53	22.16902
-4.52	20.9104
-4.51	18.8732
-4.5	19.3746
-4.49	27.9699
-4.48	26.9679
-4.47	26.53
-4.46	16.3968
-4.45	15.6621
-4.44	14.5415
-4.43	13.3721
-4.42	12.18249
-4.41	10.99625
-4.4	10.26832
-4.39	9.65597
-4.38	8.67338
-4.37	7.71699
-4.36	6.92368
-4.35	6.75089
-4.34	6.64027
-4.33	6.54241
-4.32	7.99196
-4.31	9.59713
-4.3	10.94832
-4.29	12.71897
-4.28	14.7499
-4.27	16.6876
-4.26	16.3776
-4.25	28.939
-4.24	29.1509
-4.23	25.60657
-4.22	19.698
-4.21	11.2895
-4.2	24.02325
-4.19	9.88716
-4.18	4.895311
-4.17	6.072728
-4.16	8.17371
-4.15	10.82858
-4.14	13.96436
-4.13	17.57628
-4.12	22.80688
-4.11	19.16521
-4.1	16.70881
-4.09	17.9208
-4.08	18.93719
-4.07	10.69435
-4.06	10.07665
-4.05	9.4542
-4.04	8.98747
-4.03	8.73782
-4.02	8.48053
-4.01	8.56465
-4	13.5452
-3.99	15.0003
-3.98	23.7976
-3.97	19.1389
-3.96	15.0791
-3.95	11.89229
-3.94	9.50944
-3.93	14.21335
-3.92	29.45899
-3.91	23.14415
-3.9	13.37404
-3.89	13.80432
-3.88	14.24503
-3.87	14.93044
-3.86	15.66902
-3.85	16.43104
-3.84	17.15052
-3.83	14.95855
-3.82	12.0572
-3.81	13.02876
-3.8	13.51689
-3.79	27.32128
-3.78	17.88385
-3.77	4.47072
-3.76	4.24578
-3.75	4.65857
-3.74	4.9313
-3.73	5.01707
-3.72	4.9089
-3.71	4.60329
-3.7	4.84908
-3.69	5.50219
-3.68	6.20728
-3.67	9.21392
-3.66	12.77732
-3.65	17.49589
-3.64	20.34086
-3.63	19.6653
-3.62	15.25963
-3.61	14.361252
-3.6	13.5938
-3.59	12.95678
-3.58	12.42075
-3.57	10.94894
-3.56	5.12271
-3.55	5.31061
-3.54	8.43295
-3.53	10.39845
-3.52	12.67968
-3.51	13.6122
-3.5	13.84029
-3.49	13.97922
-3.48	14.00714
-3.47	13.93884
-3.46	13.76649
-3.45	13.46872
-3.44	13.22871
-3.43	49.10053
-3.42	6.53926
-3.41	5.6498
-3.4	5.46864
-3.39	5.29605
-3.38	4.39403
-3.37	4.30356
-3.36	4.21536
-3.35	4.12046
-3.34	4.02638
-3.33	3.94073
-3.32	3.84555
-3.31	3.75757
-3.3	4.49139
-3.29	4.6605
-3.28	4.70297
-3.27	10.04016
-3.26	10.35224
-3.25	19.11234
-3.24	21.50759
-3.23	20.04436
-3.22	18.33311
-3.21	16.629994
-3.2	15.42804
-3.19	14.170183
-3.18	12.978462
-3.17	11.836893
-3.16	10.592354
-3.15	8.326281
-3.14	5.761118
-3.13	3.600457
-3.12	1.8021418
-3.11	1.949755
-3.1	2.562866
-3.09	3.75015
-3.08	5.42228
-3.07	7.57883
-3.06	10.26871
-3.05	11.86423
-3.04	8.66549
-3.03	8.63837
-3.02	8.61383
-3.01	12.115
-3	26.89561
-2.99	8.7488
-2.98	8.72243
-2.97	8.55083
-2.96	8.14659
-2.95	7.52671
-2.94	6.44277
-2.93	6.38389
-2.92	6.76913
-2.91	7.15809
-2.9	7.54654
-2.89	7.93802
-2.88	8.3265
-2.87	8.71358
-2.86	9.15724
-2.85	10.41738
-2.84	11.44711
-2.83	12.692906
-2.82	14.963506
-2.81	16.861312
-2.8	13.963574
-2.79	15.033619
-2.78	9.020437
-2.77	8.791693
-2.76	8.567965
-2.75	8.356471
-2.74	8.148306
-2.73	7.950968
-2.72	7.766663
-2.71	7.586485
-2.7	7.412236
-2.69	7.244912
-2.68	7.501228
-2.67	8.364992
-2.66	9.260994
-2.65	9.227712
-2.64	9.080657
-2.63	8.99243
-2.62	8.949533
-2.61	8.956064
-2.6	9.010025
-2.59	9.131823
-2.58	9.317247
-2.57	9.261888
-2.56	7.844388
-2.55	6.566888
-2.54	5.432386
-2.53	5.343816
-2.52	5.484964
-2.51	5.628221
-2.5	5.774569
-2.49	5.939621
-2.48	6.10768
-2.47	6.278539
-2.46	6.459192
-2.45	6.422826
-2.44	6.521107
-2.43	6.683324
-2.42	6.885368
-2.41	7.077613
-2.4	7.275554
-2.39	7.4587
-2.38	7.636943
-2.37	7.711466
-2.36	7.712242
-2.35	7.523526
-2.34	7.523651
-2.33	14.179819
-2.32	5.63391
-2.31	5.581908
-2.3	5.557122
-2.29	5.555337
-2.28	5.57046
-2.27	5.602584
-2.26	6.767189
-2.25	6.673517
-2.24	6.606182
-2.23	6.582876
-2.22	8.229904
-2.21	8.290235
-2.2	6.938558
-2.19	6.42343
-2.18	4.7106016
-2.17	3.3724546
-2.16	3.1153493
-2.15	2.8594747
-2.14	2.597934
-2.13	2.358548
-2.12	2.145945
-2.11	2.481744
-2.1	12.398708
-2.09	2.788406
-2.08	3.722356
-2.07	4.6198
-2.06	5.913534
-2.05	6.59188
-2.04	7.171274
-2.03	7.633022
-2.02	12.07932
-2.01	10.150807
-2	9.031298
-1.99	9.13079
-1.98	11.16015
-1.97	17.15245
-1.96	18.60702
-1.95	6.19225
-1.94	4.77517
-1.93	5.23136
-1.92	4.27457
-1.91	4.884863
-1.9	8.10371
-1.89	8.092155
-1.88	8.05501
-1.87	14.548467
-1.86	4.777101
-1.85	6.178981
-1.84	9.337164
-1.83	8.363986
-1.82	7.394697
-1.81	5.990297
-1.8	4.682602
-1.79	3.546853
-1.78	2.839296
-1.77	2.32096
-1.76	1.982522
-1.75	1.829803
-1.74	1.788355
-1.73	1.708468
-1.72	1.901721
-1.71	2.25215
-1.7	3.81557
-1.69	5.66776
-1.68	5.261982
-1.67	6.233549
-1.66	10.02014
-1.65	5.20077
-1.64	4.56806
-1.63	4.771719
-1.62	5.556977
-1.61	6.405029
-1.6	6.134156
-1.59	6.15636
-1.58	6.366949
-1.57	5.682508
-1.56	5.234229
-1.55	5.158284
-1.54	5.094951
-1.53	5.053433
-1.52	5.017521
-1.51	5.008926
-1.5	5.002639
-1.49	6.08562
-1.48	2.5513
-1.47	2.81248
-1.46	4.021722
-1.45	4.35504
-1.44	3.48389
-1.43	2.983907
-1.42	3.288776
-1.41	4.93796
-1.4	2.907656
-1.39	3.093921
-1.38	3.232901
-1.37	3.331859
-1.36	6.58587
-1.35	5.838633
-1.34	5.106365
-1.33	4.419713
-1.32	3.70844
-1.31	3.011991
-1.3	2.324321
-1.29	1.640432
-1.28	1.183031
-1.27	1.091797
-1.26	1.015748
-1.25	0.95218
-1.24	0.901924
-1.23	0.865689
-1.22	1.111708
-1.21	1.407642
-1.2	1.70921
-1.19	2.01166
-1.18	2.00419
-1.17	2.32287
-1.16	2.84882
-1.15	7.94827
-1.14	1.57733
-1.13	1.50602
-1.12	1.320879
-1.11	1.069835
-1.1	1.075489
-1.09	1.073748
-1.08	1.066044
-1.07	1.051705
-1.06	1.032501
-1.05	1.006368
-1.04	0.974456
-1.03	0.935542
-1.02	0.890586
-1.01	0.902031
-1	0.926179
-0.99	0.951026
-0.98	0.974746
-0.97	0.997868
-0.96	1.02069
-0.95	0.814828
-0.94	0.714181
-0.93	0.745982
-0.92	0.926301
-0.91	1.255115
-0.9	1.81602
-0.89	4.20289
-0.88	1.109767
-0.87	0.617763
-0.86	3.56077
-0.85	1.694221
-0.84	1.550149
-0.83	1.406313
-0.82	1.263452
-0.81	1.120335
-0.8	0.977611
-0.79	0.835791
-0.78	0.692588
-0.77	0.58129
-0.76	0.635793
-0.75	0.705992
-0.74	0.765823
-0.73	0.82551
-0.72	0.886999
-0.71	0.947346
-0.7	1.009045
-0.69	1.0714
-0.68	1.136544
-0.67	1.2017
-0.66	1.267109
-0.65	1.333804
-0.64	1.399945
-0.63	0.783408
-0.62	0.780598
-0.61	0.777824
-0.6	0.775247
-0.59	0.772543
-0.58	0.769959
-0.57	0.768208
-0.56	0.764739
-0.55	0.752389
-0.54	0.735722
-0.53	0.715472
-0.52	0.696084
-0.51	0.676401
-0.5	0.656313
-0.49	0.636335
-0.48	0.616667
-0.47	0.597092
-0.46	0.576917
-0.45	0.557465
-0.44	0.537784
-0.43	0.517864
-0.42	0.498635
-0.41	0.485599
-0.4	0.479737
-0.39	0.475185
-0.38	0.469666
-0.37	0.464512
-0.36	0.459315
-0.35	0.454318
-0.34	0.448926
-0.33	0.443578
-0.32	0.438727
-0.31	0.433353
-0.3	0.428325
-0.29	0.423325
-0.28	0.417901
-0.27	0.412997
-0.26	0.332783
-0.25	0.31438
-0.24	0.2958716
-0.23	0.2777108
-0.22	0.2600806
-0.21	0.2429909
-0.2	0.2257848
-0.19	0.2094786
-0.18	0.1932266
-0.17	0.1775765
-0.16	0.1624686
-0.15	0.1475419
-0.14	0.1331072
-0.13	0.1188342
-0.12	0.105085
-0.11	0.0917015
-0.1	0.0786846
-0.09	0.0661927
-0.08	0.05397347
-0.07	0.04212452
-0.06	0.03071859
-0.05	0.01963813
-0.04	0.008985993
-0.03	0
-0.02	0
-0.01	0
0	0
0.01	0
0.02	0
0.03	0
0.04	0
0.05	0
0.06	0
0.07	0.003494068
0.08	0.02108782
0.09	0.03837806
0.1	0.0628742
0.11	0.0984658
0.12	0.1338341
0.13	0.1687318
0.14	0.203239
0.15	0.23751
0.16	0.270846
0.17	0.303804
0.18	0.336439
0.19	0.368851
0.2	0.400607
0.21	0.432392
0.22	0.462907
0.23	0.493165
0.24	0.523104
0.25	0.552512
0.26	0.581716
0.27	1.159071
0.28	1.18047
0.29	1.291832
0.3	1.331495
0.31	1.373494
0.32	1.416241
0.33	1.658865
0.34	3.168167
0.35	5.41345
0.36	7.73043
0.37	4.21787
0.38	4.168533
0.39	4.114014
0.4	2.641801
0.41	0.90588
0.42	0.949966
0.43	3.890648
0.44	4.500835
0.45	5.533782
0.46	12.962277
0.47	0.074529
0.48	0.0784916
0.49	0.082556
0.5	0.0867679
0.51	0.0910231
0.52	0.0953505
0.53	0.0998866
0.54	0.1044712
0.55	0.1091251
0.56	0.113884
0.57	0.1188504
0.58	0.5569634
0.59	1.079862
0.6	2.318318
0.61	4.56646
0.62	10.45578
0.63	20.13266
0.64	6.23591
0.65	5.71781
0.66	5.29791
0.67	8.07583
0.68	7.622048
0.69	6.62818
0.7	5.975505
0.71	5.395081
0.72	4.50545
0.73	4.323061
0.74	5.035478
0.75	7.704329
0.76	7.822182
0.77	1.3959432
0.78	0.1514871
0.79	0.1506225
0.8	0.150046
0.81	0.149136
0.82	0.1485368
0.83	0.1479073
0.84	0.1472223
0.85	0.1465861
0.86	0.1459154
0.87	0.1452441
0.88	0.1445466
0.89	0.1439949
0.9	0.1433031
0.91	0.1426219
0.92	0.1419145
0.93	0.1415425
0.94	0.1408387
0.95	0.1401073
0.96	0.1394529
0.97	0.1390561
0.98	0.138307
0.99	0.1375915
1	0.1372424
1.01	0.1365009
1.02	0.1360627
1.03	0.1353391
1.04	0.1348679
1.05	0.1341023
1.06	0.1336949
1.07	0.206279
1.08	0.644665
1.09	1.26241
1.1	0.496297
1.11	0.537118
1.12	0.577947
1.13	0.643743
1.14	0.713353
1.15	1.093293
1.16	1.82453
1.17	2.78451
1.18	3.97093
1.19	5.38323
1.2	7.02362
1.21	4.418122
1.22	4.513518
1.23	4.563535
1.24	3.913501
1.25	2.690325
1.26	1.83253
1.27	1.99242
1.28	2.174015
1.29	2.390393
1.3	2.650219
1.31	2.723056
1.32	2.443228
1.33	2.81995
1.34	3.167674
1.35	3.248726
1.36	3.317329
1.37	3.37537
1.38	3.419019
1.39	3.457902
1.4	3.515078
1.41	3.564342
1.42	3.594257
1.43	3.61487
1.44	4.823998
1.45	4.766418
1.46	4.634607
1.47	4.417092
1.48	4.12588
1.49	3.68735
1.5	3.232246
1.51	3.308336
1.52	6.376848
1.53	5.50483
1.54	4.678628
1.55	3.887248
1.56	4.092336
1.57	4.59424
1.58	5.86233
1.59	4.754997
1.6	5.62205
1.61	6.57683
1.62	6.76784
1.63	5.94905
1.64	5.18349
1.65	4.46323
1.66	3.74823
1.67	3.95751
1.68	3.38101
1.69	3.98063
1.7	4.46334
1.71	4.83319
1.72	14.72342
1.73	1.263808
1.74	3.90118
1.75	3.55991
1.76	3.19776
1.77	2.81078
1.78	2.44956
1.79	2.1641
1.8	6.7746
1.81	2.62084
1.82	2.493693
1.83	2.52208
1.84	2.59111
1.85	2.67973
1.86	2.94914
1.87	3.28034
1.88	3.53604
1.89	3.90277
1.9	4.6082
1.91	5.3729
1.92	5.9289
1.93	5.8493
1.94	6.3849
1.95	7.4247
1.96	8.1726
1.97	8.6547
1.98	5.0611
1.99	6.67475
2	5.67656
2.01	4.931
2.02	3.06936
2.03	2.79653
2.04	5.51764
2.05	7.44757
2.06	6.40592
2.07	5.40943
2.08	4.8409
2.09	4.42394
2.1	4.05517
2.11	3.83647
2.12	5.20374
2.13	3.93678
2.14	2.95114
2.15	2.26224
2.16	2.007389
2.17	2.024318
2.18	2.061184
2.19	4.03911
2.2	5.00931
2.21	6.81724
2.22	9.44135
2.23	3.67437
2.24	3.54506
2.25	7.66223
2.26	6.18812
2.27	4.3334
2.28	4.17242
2.29	4.29384
2.3	4.43547
2.31	3.65846
2.32	3.59734
2.33	3.51049
2.34	3.40725
2.35	3.31621
2.36	3.22453
2.37	3.15666
2.38	3.12906
2.39	3.08364
2.4	3.03241
2.41	2.98743
2.42	2.55377
2.43	2.58394
2.44	2.58499
2.45	2.56391
2.46	2.51815
2.47	6.52068
2.48	5.68188
2.49	4.77507
2.5	3.78907
2.51	2.72381
2.52	1.592985
2.53	1.280468
2.54	1.008653
2.55	0.753833
2.56	0.61969
2.57	0.4802345
2.58	0.3355011
2.59	0.1850148
2.6	0.029812728
2.61	0
