-15.23	0.00E+00
-15.22	3.63E-01
-15.21	7.24E-01
-15.2	5.29E-01
-15.19	5.56E-01
-15.18	5.84E-01
-15.17	6.11E-01
-15.16	6.38E-01
-15.15	6.66E-01
-15.14	6.75E-01
-15.13	6.37E-01
-15.12	6.01E-01
-15.11	5.81E-01
-15.1	5.94E-01
-15.09	6.07E-01
-15.08	6.20E-01
-15.07	6.33E-01
-15.06	6.45E-01
-15.05	6.58E-01
-15.04	6.71E-01
-15.03	6.83E-01
-15.02	1.36E+00
-15.01	1.08E+00
-15	8.08E-01
-14.99	5.35E-01
-14.98	2.90E-01
-14.97	2.50E-01
-14.96	2.11E-01
-14.95	1.95E-01
-14.94	2.12E-01
-14.93	2.29E-01
-14.92	2.47E-01
-14.91	2.64E-01
-14.9	3.04E-01
-14.89	3.60E-01
-14.88	4.15E-01
-14.87	8.89E-01
-14.86	2.09E+00
-14.85	4.47E-01
-14.84	4.52E-01
-14.83	4.58E-01
-14.82	4.64E-01
-14.81	4.71E-01
-14.8	4.77E-01
-14.79	4.83E-01
-14.78	4.89E-01
-14.77	4.95E-01
-14.76	5.01E-01
-14.75	5.09E-01
-14.74	5.17E-01
-14.73	5.24E-01
-14.72	5.31E-01
-14.71	5.39E-01
-14.7	5.47E-01
-14.69	5.54E-01
-14.68	5.62E-01
-14.67	7.65E-01
-14.66	7.34E-01
-14.65	7.02E-01
-14.64	6.71E-01
-14.63	6.45E-01
-14.62	6.23E-01
-14.61	6.01E-01
-14.6	6.07E-01
-14.59	6.16E-01
-14.58	6.25E-01
-14.57	6.33E-01
-14.56	6.41E-01
-14.55	6.50E-01
-14.54	6.59E-01
-14.53	6.68E-01
-14.52	6.77E-01
-14.51	5.57E-01
-14.5	5.62E-01
-14.49	5.67E-01
-14.48	5.72E-01
-14.47	5.77E-01
-14.46	5.83E-01
-14.45	5.57E-01
-14.44	5.53E-01
-14.43	5.50E-01
-14.42	5.69E-01
-14.41	5.70E-01
-14.4	5.71E-01
-14.39	5.73E-01
-14.38	5.74E-01
-14.37	5.76E-01
-14.36	5.77E-01
-14.35	5.78E-01
-14.34	7.03E-01
-14.33	1.04E+00
-14.32	9.91E-01
-14.31	9.39E-01
-14.3	8.87E-01
-14.29	8.35E-01
-14.28	7.83E-01
-14.27	7.31E-01
-14.26	6.78E-01
-14.25	6.25E-01
-14.24	5.71E-01
-14.23	5.17E-01
-14.22	4.65E-01
-14.21	4.37E-01
-14.2	4.25E-01
-14.19	4.13E-01
-14.18	4.20E-01
-14.17	1.03E+00
-14.16	8.90E-01
-14.15	7.54E-01
-14.14	6.17E-01
-14.13	4.79E-01
-14.12	3.40E-01
-14.11	3.74E-01
-14.1	4.44E-01
-14.09	5.15E-01
-14.08	5.86E-01
-14.07	6.58E-01
-14.06	7.30E-01
-14.05	8.02E-01
-14.04	8.75E-01
-14.03	9.48E-01
-14.02	1.02E+00
-14.01	6.22E-01
-14	5.40E-01
-13.99	5.46E-01
-13.98	5.52E-01
-13.97	5.58E-01
-13.96	5.64E-01
-13.95	5.70E-01
-13.94	5.76E-01
-13.93	5.83E-01
-13.92	5.89E-01
-13.91	5.94E-01
-13.9	6.01E-01
-13.89	6.07E-01
-13.88	6.13E-01
-13.87	9.26E-01
-13.86	1.91E+00
-13.85	2.91E+00
-13.84	6.86E-01
-13.83	6.89E-01
-13.82	6.91E-01
-13.81	6.94E-01
-13.8	6.96E-01
-13.79	6.98E-01
-13.78	7.01E-01
-13.77	7.03E-01
-13.76	7.17E-01
-13.75	7.33E-01
-13.74	7.49E-01
-13.73	7.66E-01
-13.72	7.82E-01
-13.71	7.98E-01
-13.7	8.15E-01
-13.69	8.32E-01
-13.68	8.49E-01
-13.67	8.65E-01
-13.66	8.83E-01
-13.65	8.99E-01
-13.64	9.11E-01
-13.63	9.22E-01
-13.62	9.37E-01
-13.61	9.60E-01
-13.6	9.83E-01
-13.59	1.01E+00
-13.58	1.03E+00
-13.57	1.05E+00
-13.56	1.08E+00
-13.55	1.10E+00
-13.54	1.13E+00
-13.53	1.36E+00
-13.52	1.17E+00
-13.51	9.71E-01
-13.5	7.73E-01
-13.49	5.75E-01
-13.48	3.89E-01
-13.47	8.02E-01
-13.46	1.23E+00
-13.45	1.26E+00
-13.44	1.19E+00
-13.43	1.11E+00
-13.42	1.03E+00
-13.41	9.48E-01
-13.4	8.67E-01
-13.39	7.86E-01
-13.38	3.70E-01
-13.37	3.82E-01
-13.36	3.95E-01
-13.35	4.08E-01
-13.34	4.20E-01
-13.33	4.33E-01
-13.32	4.46E-01
-13.31	4.59E-01
-13.3	4.72E-01
-13.29	4.85E-01
-13.28	4.98E-01
-13.27	5.11E-01
-13.26	5.24E-01
-13.25	5.36E-01
-13.24	5.50E-01
-13.23	1.44E+00
-13.22	1.45E+00
-13.21	1.46E+00
-13.2	1.47E+00
-13.19	1.48E+00
-13.18	1.50E+00
-13.17	1.21E+00
-13.16	7.82E-01
-13.15	6.07E-01
-13.14	7.77E-01
-13.13	9.48E-01
-13.12	1.12E+00
-13.11	1.29E+00
-13.1	1.47E+00
-13.09	1.64E+00
-13.08	3.79E+00
-13.07	2.05E+00
-13.06	1.42E+00
-13.05	1.30E+00
-13.04	1.18E+00
-13.03	1.06E+00
-13.02	9.57E-01
-13.01	8.56E-01
-13	7.59E-01
-12.99	6.68E-01
-12.98	6.80E-01
-12.97	6.96E-01
-12.96	7.12E-01
-12.95	7.88E-01
-12.94	8.69E-01
-12.93	9.56E-01
-12.92	1.04E+00
-12.91	1.13E+00
-12.9	1.22E+00
-12.89	1.31E+00
-12.88	1.40E+00
-12.87	1.49E+00
-12.86	1.58E+00
-12.85	1.68E+00
-12.84	1.77E+00
-12.83	1.86E+00
-12.82	1.53E+00
-12.81	1.53E+00
-12.8	1.55E+00
-12.79	2.87E+00
-12.78	1.49E+00
-12.77	1.41E+00
-12.76	1.41E+00
-12.75	1.41E+00
-12.74	1.40E+00
-12.73	1.38E+00
-12.72	1.36E+00
-12.71	1.34E+00
-12.7	1.32E+00
-12.69	1.30E+00
-12.68	1.28E+00
-12.67	1.25E+00
-12.66	1.23E+00
-12.65	1.21E+00
-12.64	1.21E+00
-12.63	1.22E+00
-12.62	1.23E+00
-12.61	1.23E+00
-12.6	1.24E+00
-12.59	1.24E+00
-12.58	1.61E+00
-12.57	1.63E+00
-12.56	1.65E+00
-12.55	1.67E+00
-12.54	1.69E+00
-12.53	1.71E+00
-12.52	1.73E+00
-12.51	1.76E+00
-12.5	1.78E+00
-12.49	1.80E+00
-12.48	1.82E+00
-12.47	1.85E+00
-12.46	1.88E+00
-12.45	2.72E+00
-12.44	3.59E+00
-12.43	4.48E+00
-12.42	3.45E+00
-12.41	3.02E+00
-12.4	2.66E+00
-12.39	2.31E+00
-12.38	2.26E+00
-12.37	2.01E+00
-12.36	1.75E+00
-12.35	1.56E+00
-12.34	1.41E+00
-12.33	1.38E-01
-12.32	1.80E-01
-12.31	3.19E-01
-12.3	4.90E-01
-12.29	7.81E-01
-12.28	1.07E+00
-12.27	1.37E+00
-12.26	1.82E+00
-12.25	2.31E+00
-12.24	2.81E+00
-12.23	3.31E+00
-12.22	4.20E+00
-12.21	6.00E+00
-12.2	4.16E+00
-12.19	3.98E+00
-12.18	3.81E+00
-12.17	3.62E+00
-12.16	3.44E+00
-12.15	3.31E+00
-12.14	3.54E+00
-12.13	3.78E+00
-12.12	4.02E+00
-12.11	3.39E+00
-12.1	3.33E+00
-12.09	5.91E+00
-12.08	5.76E+00
-12.07	2.68E+00
-12.06	2.51E+00
-12.05	2.36E+00
-12.04	2.20E+00
-12.03	2.03E+00
-12.02	1.86E+00
-12.01	1.70E+00
-12	1.53E+00
-11.99	1.48E+00
-11.98	1.42E+00
-11.97	1.37E+00
-11.96	1.32E+00
-11.95	1.36E+00
-11.94	1.70E+00
-11.93	2.09E+00
-11.92	2.49E+00
-11.91	2.89E+00
-11.9	3.30E+00
-11.89	3.71E+00
-11.88	1.85E+00
-11.87	1.91E+00
-11.86	1.96E+00
-11.85	2.03E+00
-11.84	2.07E+00
-11.83	2.22E+00
-11.82	2.27E+00
-11.81	2.19E+00
-11.8	2.12E+00
-11.79	2.04E+00
-11.78	1.97E+00
-11.77	1.89E+00
-11.76	1.81E+00
-11.75	1.73E+00
-11.74	1.69E+00
-11.73	1.69E+00
-11.72	1.70E+00
-11.71	1.70E+00
-11.7	1.71E+00
-11.69	1.72E+00
-11.68	1.73E+00
-11.67	1.73E+00
-11.66	2.45E+00
-11.65	2.00E+00
-11.64	1.55E+00
-11.63	1.10E+00
-11.62	6.44E-01
-11.61	1.80E-01
-11.6	0.00E+00
-11.59	0.00E+00
-11.58	0.00E+00
-11.57	0.00E+00
-11.56	0.00E+00
-11.55	0.00E+00
-11.54	0.00E+00
-11.53	0.00E+00
-11.52	0.00E+00
-11.51	0.00E+00
-11.5	0.00E+00
-11.49	0.00E+00
-11.48	0.00E+00
-11.47	0.00E+00
-11.46	0.00E+00
-11.45	0.00E+00
-11.44	0.00E+00
-11.43	0.00E+00
-11.42	0.00E+00
-11.41	0.00E+00
-11.4	0.00E+00
-11.39	0.00E+00
-11.38	0.00E+00
-11.37	0.00E+00
-11.36	0.00E+00
-11.35	0.00E+00
-11.34	0.00E+00
-11.33	0.00E+00
-11.32	0.00E+00
-11.31	1.17E-02
-11.3	3.56E-02
-11.29	5.98E-02
-11.28	3.92E-02
-11.27	4.14E-02
-11.26	4.36E-02
-11.25	4.59E-02
-11.24	4.80E-02
-11.23	5.03E-02
-11.22	5.25E-02
-11.21	5.17E-02
-11.2	4.95E-02
-11.19	4.72E-02
-11.18	4.64E-02
-11.17	4.74E-02
-11.16	4.86E-02
-11.15	4.97E-02
-11.14	5.07E-02
-11.13	5.19E-02
-11.12	5.30E-02
-11.11	5.41E-02
-11.1	5.52E-02
-11.09	5.64E-02
-11.08	1.11E-01
-11.07	9.31E-02
-11.06	7.50E-02
-11.05	5.69E-02
-11.04	3.88E-02
-11.03	2.32E-02
-11.02	2.06E-02
-11.01	1.85E-02
-11	2.00E-02
-10.99	2.16E-02
-10.98	2.32E-02
-10.97	2.48E-02
-10.96	2.64E-02
-10.95	2.79E-02
-10.94	3.00E-02
-10.93	3.42E-02
-10.92	6.31E-02
-10.91	1.21E-01
-10.9	1.80E-01
-10.89	4.02E-02
-10.88	4.08E-02
-10.87	4.13E-02
-10.86	4.20E-02
-10.85	4.25E-02
-10.84	4.32E-02
-10.83	4.36E-02
-10.82	4.42E-02
-10.81	4.48E-02
-10.8	4.54E-02
-10.79	4.61E-02
-10.78	4.67E-02
-10.77	4.74E-02
-10.76	4.81E-02
-10.75	4.88E-02
-10.74	4.94E-02
-10.73	5.01E-02
-10.72	5.08E-02
-10.71	5.14E-02
-10.7	5.21E-02
-10.69	7.31E-02
-10.68	7.01E-02
-10.67	6.72E-02
-10.66	6.42E-02
-10.65	6.12E-02
-10.64	5.88E-02
-10.63	5.65E-02
-10.62	5.67E-02
-10.61	5.75E-02
-10.6	5.82E-02
-10.59	5.90E-02
-10.58	5.98E-02
-10.57	6.06E-02
-10.56	6.13E-02
-10.55	6.22E-02
-10.54	6.29E-02
-10.53	6.37E-02
-10.52	6.45E-02
-10.51	5.25E-02
-10.5	5.28E-02
-10.49	5.32E-02
-10.48	5.35E-02
-10.47	5.38E-02
-10.46	5.43E-02
-10.45	5.40E-02
-10.44	5.24E-02
-10.43	5.21E-02
-10.42	5.22E-02
-10.41	5.32E-02
-10.4	5.33E-02
-10.39	5.34E-02
-10.38	5.35E-02
-10.37	5.36E-02
-10.36	5.37E-02
-10.35	5.38E-02
-10.34	5.39E-02
-10.33	6.56E-02
-10.32	9.64E-02
-10.31	9.19E-02
-10.3	8.74E-02
-10.29	8.30E-02
-10.28	7.85E-02
-10.27	7.39E-02
-10.26	6.94E-02
-10.25	6.49E-02
-10.24	6.04E-02
-10.23	5.59E-02
-10.22	5.14E-02
-10.21	4.67E-02
-10.2	4.23E-02
-10.19	3.93E-02
-10.18	3.83E-02
-10.17	3.84E-02
-10.16	3.89E-02
-10.15	3.98E-02
-10.14	9.94E-02
-10.13	8.50E-02
-10.12	7.07E-02
-10.11	5.65E-02
-10.1	4.22E-02
-10.09	3.13E-02
-10.08	3.69E-02
-10.07	4.36E-02
-10.06	5.05E-02
-10.05	5.73E-02
-10.04	6.41E-02
-10.03	7.10E-02
-10.02	7.79E-02
-10.01	8.48E-02
-10	9.17E-02
-9.99	9.86E-02
-9.98	5.05E-02
-9.97	5.10E-02
-9.96	5.14E-02
-9.95	5.18E-02
-9.94	5.23E-02
-9.93	5.28E-02
-9.92	5.32E-02
-9.91	5.36E-02
-9.9	5.41E-02
-9.89	5.46E-02
-9.88	5.50E-02
-9.87	5.54E-02
-9.86	5.59E-02
-9.85	5.64E-02
-9.84	5.68E-02
-9.83	5.73E-02
-9.82	6.62E-02
-9.81	1.75E-01
-9.8	2.86E-01
-9.79	6.51E-02
-9.78	6.54E-02
-9.77	6.57E-02
-9.76	6.60E-02
-9.75	6.63E-02
-9.74	6.66E-02
-9.73	6.69E-02
-9.72	6.79E-02
-9.71	6.89E-02
-9.7	6.98E-02
-9.69	7.08E-02
-9.68	7.17E-02
-9.67	7.26E-02
-9.66	7.36E-02
-9.65	7.45E-02
-9.64	7.55E-02
-9.63	7.59E-02
-9.62	7.63E-02
-9.61	7.78E-02
-9.6	7.94E-02
-9.59	8.11E-02
-9.58	8.27E-02
-9.57	8.43E-02
-9.56	8.60E-02
-9.55	8.76E-02
-9.54	8.92E-02
-9.53	9.09E-02
-9.52	9.25E-02
-9.51	9.42E-02
-9.5	9.60E-02
-9.49	1.03E-01
-9.48	1.10E-01
-9.47	1.17E-01
-9.46	1.24E-01
-9.45	1.67E-01
-9.44	8.00E-02
-9.43	8.71E-02
-9.42	1.03E-01
-9.41	1.25E-01
-9.4	1.48E-01
-9.39	8.25E-02
-9.38	9.13E-02
-9.37	1.00E-01
-9.36	1.28E-01
-9.35	1.27E-01
-9.34	1.28E-01
-9.33	1.29E-01
-9.32	1.29E-01
-9.31	1.30E-01
-9.3	1.30E-01
-9.29	1.29E-01
-9.28	1.29E-01
-9.27	1.28E-01
-9.26	1.91E-01
-9.25	3.32E-01
-9.24	4.75E-01
-9.23	6.26E-01
-9.22	7.85E-01
-9.21	9.45E-01
-9.2	2.42E+00
-9.19	1.00E+00
-9.18	9.02E-01
-9.17	8.12E-01
-9.16	7.32E-01
-9.15	6.13E-01
-9.14	5.45E-01
-9.13	4.88E-01
-9.12	4.40E-01
-9.11	4.01E-01
-9.1	3.40E-01
-9.09	1.93E-01
-9.08	2.09E-01
-9.07	2.35E-01
-9.06	2.61E-01
-9.05	1.28E+00
-9.04	1.28E+00
-9.03	1.28E+00
-9.02	1.21E+00
-9.01	1.01E+00
-9	8.29E-01
-8.99	7.67E-01
-8.98	7.16E-01
-8.97	6.90E-01
-8.96	6.78E-01
-8.95	6.90E-01
-8.94	7.16E-01
-8.93	7.52E-01
-8.92	7.99E-01
-8.91	8.63E-01
-8.9	9.31E-01
-8.89	9.99E-01
-8.88	1.07E+00
-8.87	1.27E+00
-8.86	1.46E+00
-8.85	1.62E+00
-8.84	1.75E+00
-8.83	1.37E+00
-8.82	1.36E+00
-8.81	1.33E+00
-8.8	1.16E+00
-8.79	1.08E+00
-8.78	9.82E-01
-8.77	8.76E-01
-8.76	8.04E-01
-8.75	7.44E-01
-8.74	6.86E-01
-8.73	6.59E-01
-8.72	6.47E-01
-8.71	6.26E-01
-8.7	5.95E-01
-8.69	5.80E-01
-8.68	5.65E-01
-8.67	5.46E-01
-8.66	5.21E-01
-8.65	5.12E-01
-8.64	5.86E-01
-8.63	6.61E-01
-8.62	7.39E-01
-8.61	8.19E-01
-8.6	3.37E+00
-8.59	2.51E+00
-8.58	1.88E+00
-8.57	1.76E+00
-8.56	1.29E+00
-8.55	8.01E-01
-8.54	5.56E-01
-8.53	5.65E-01
-8.52	5.73E-01
-8.51	5.81E-01
-8.5	6.07E-01
-8.49	6.73E-01
-8.48	7.51E-01
-8.47	8.43E-01
-8.46	9.47E-01
-8.45	1.06E+00
-8.44	1.20E+00
-8.43	1.21E+00
-8.42	1.20E+00
-8.41	1.19E+00
-8.4	1.18E+00
-8.39	1.16E+00
-8.38	1.14E+00
-8.37	1.12E+00
-8.36	2.54E+00
-8.35	1.35E+00
-8.34	6.69E-01
-8.33	6.82E-01
-8.32	6.95E-01
-8.31	7.08E-01
-8.3	7.22E-01
-8.29	7.36E-01
-8.28	7.50E-01
-8.27	7.64E-01
-8.26	7.78E-01
-8.25	7.93E-01
-8.24	1.43E+00
-8.23	1.38E+00
-8.22	1.34E+00
-8.21	1.29E+00
-8.2	1.24E+00
-8.19	1.19E+00
-8.18	1.14E+00
-8.17	1.10E+00
-8.16	1.56E+00
-8.15	1.47E+00
-8.14	1.37E+00
-8.13	1.27E+00
-8.12	1.17E+00
-8.11	1.07E+00
-8.1	9.73E-01
-8.09	8.72E-01
-8.08	7.69E-01
-8.07	6.67E-01
-8.06	5.63E-01
-8.05	4.58E-01
-8.04	3.72E-01
-8.03	2.90E-01
-8.02	2.14E-01
-8.01	3.20E-01
-8	4.46E-01
-7.99	5.09E-01
-7.98	5.08E-01
-7.97	4.55E-01
-7.96	3.60E-01
-7.95	4.12E-01
-7.94	4.97E-01
-7.93	5.52E-01
-7.92	5.68E-01
-7.91	5.45E-01
-7.9	5.66E-01
-7.89	6.22E-01
-7.88	6.76E-01
-7.87	7.31E-01
-7.86	7.85E-01
-7.85	8.39E-01
-7.84	8.92E-01
-7.83	9.44E-01
-7.82	9.98E-01
-7.81	1.05E+00
-7.8	1.10E+00
-7.79	1.16E+00
-7.78	1.23E+00
-7.77	1.29E+00
-7.76	1.37E+00
-7.75	1.44E+00
-7.74	1.51E+00
-7.73	1.59E+00
-7.72	1.67E+00
-7.71	1.75E+00
-7.7	1.84E+00
-7.69	1.21E+00
-7.68	1.18E+00
-7.67	1.68E+00
-7.66	1.27E+00
-7.65	1.09E+00
-7.64	9.33E-01
-7.63	8.03E-01
-7.62	6.99E-01
-7.61	6.21E-01
-7.6	6.64E-01
-7.59	1.72E+00
-7.58	5.66E-01
-7.57	5.46E-01
-7.56	5.33E-01
-7.55	5.26E-01
-7.54	5.25E-01
-7.53	5.31E-01
-7.52	5.47E-01
-7.51	5.65E-01
-7.5	5.83E-01
-7.49	6.01E-01
-7.48	5.74E-01
-7.47	5.96E-01
-7.46	6.22E-01
-7.45	6.52E-01
-7.44	6.85E-01
-7.43	7.21E-01
-7.42	7.61E-01
-7.41	8.05E-01
-7.4	8.53E-01
-7.39	9.16E-01
-7.38	9.96E-01
-7.37	1.09E+00
-7.36	1.20E+00
-7.35	1.33E+00
-7.34	1.48E+00
-7.33	1.65E+00
-7.32	1.79E+00
-7.31	1.57E+00
-7.3	1.38E+00
-7.29	3.16E+00
-7.28	2.25E+00
-7.27	1.56E+00
-7.26	1.10E+00
-7.25	8.43E-01
-7.24	7.39E-01
-7.23	6.39E-01
-7.22	5.41E-01
-7.21	4.46E-01
-7.2	3.54E-01
-7.19	2.72E-01
-7.18	2.39E-01
-7.17	2.84E-01
-7.16	3.04E-01
-7.15	3.23E-01
-7.14	3.42E-01
-7.13	3.59E-01
-7.12	3.78E-01
-7.11	3.96E-01
-7.1	4.08E-01
-7.09	4.17E-01
-7.08	4.19E-01
-7.07	4.18E-01
-7.06	4.11E-01
-7.05	4.11E-01
-7.04	4.29E-01
-7.03	4.46E-01
-7.02	4.62E-01
-7.01	4.78E-01
-7	4.94E-01
-6.99	5.08E-01
-6.98	5.23E-01
-6.97	5.37E-01
-6.96	6.62E-01
-6.95	1.07E+00
-6.94	1.68E+00
-6.93	2.84E+00
-6.92	3.20E+00
-6.91	1.79E+00
-6.9	7.88E-01
-6.89	8.07E-01
-6.88	8.25E-01
-6.87	8.42E-01
-6.86	8.59E-01
-6.85	8.75E-01
-6.84	8.84E-01
-6.83	8.99E-01
-6.82	9.13E-01
-6.81	9.26E-01
-6.8	9.39E-01
-6.79	9.50E-01
-6.78	9.62E-01
-6.77	9.71E-01
-6.76	9.81E-01
-6.75	9.89E-01
-6.74	9.97E-01
-6.73	2.76E+00
-6.72	2.40E+00
-6.71	2.00E+00
-6.7	1.67E+00
-6.69	1.43E+00
-6.68	1.24E+00
-6.67	1.11E+00
-6.66	1.04E+00
-6.65	1.01E+00
-6.64	9.75E-01
-6.63	9.28E-01
-6.62	8.71E-01
-6.61	8.06E-01
-6.6	7.50E-01
-6.59	7.16E-01
-6.58	7.76E-01
-6.57	7.79E-01
-6.56	7.83E-01
-6.55	7.99E-01
-6.54	8.13E-01
-6.53	8.16E-01
-6.52	8.13E-01
-6.51	8.10E-01
-6.5	8.07E-01
-6.49	8.06E-01
-6.48	8.05E-01
-6.47	8.04E-01
-6.46	8.04E-01
-6.45	8.05E-01
-6.44	8.06E-01
-6.43	8.08E-01
-6.42	8.10E-01
-6.41	8.12E-01
-6.4	8.16E-01
-6.39	8.19E-01
-6.38	8.23E-01
-6.37	8.28E-01
-6.36	8.33E-01
-6.35	8.39E-01
-6.34	8.45E-01
-6.33	9.41E-01
-6.32	1.21E+00
-6.31	9.61E-01
-6.3	1.45E+00
-6.29	3.04E+00
-6.28	1.40E+00
-6.27	1.33E+00
-6.26	1.28E+00
-6.25	1.23E+00
-6.24	1.19E+00
-6.23	1.16E+00
-6.22	1.14E+00
-6.21	1.13E+00
-6.2	1.49E+00
-6.19	1.31E+00
-6.18	1.13E+00
-6.17	9.51E-01
-6.16	1.60E+01
-6.15	1.36E+00
-6.14	1.71E+00
-6.13	1.69E+00
-6.12	6.88E-01
-6.11	6.12E-01
-6.1	5.38E-01
-6.09	4.69E-01
-6.08	4.03E-01
-6.07	3.40E-01
-6.06	2.81E-01
-6.05	2.26E-01
-6.04	1.74E-01
-6.03	1.33E-01
-6.02	1.15E-01
-6.01	1.32E-01
-6	1.53E-01
-5.99	1.93E-01
-5.98	2.53E-01
-5.97	3.35E-01
-5.96	4.05E-01
-5.95	4.57E-01
-5.94	4.90E-01
-5.93	5.05E-01
-5.92	3.65E-01
-5.91	4.69E-01
-5.9	5.45E-01
-5.89	5.93E-01
-5.88	6.11E-01
-5.87	6.01E-01
-5.86	5.62E-01
-5.85	1.06E+00
-5.84	1.57E+00
-5.83	1.46E+00
-5.82	7.29E-01
-5.81	7.65E-01
-5.8	8.03E-01
-5.79	8.45E-01
-5.78	8.94E-01
-5.77	9.40E-01
-5.76	9.84E-01
-5.75	1.03E+00
-5.74	1.07E+00
-5.73	1.10E+00
-5.72	1.14E+00
-5.71	1.17E+00
-5.7	1.20E+00
-5.69	1.23E+00
-5.68	1.29E+00
-5.67	1.37E+00
-5.66	1.47E+00
-5.65	1.59E+00
-5.64	1.73E+00
-5.63	8.97E+00
-5.62	3.57E+00
-5.61	1.09E+00
-5.6	7.17E-01
-5.59	8.88E-01
-5.58	1.07E+00
-5.57	1.27E+00
-5.56	1.46E+00
-5.55	7.34E-01
-5.54	7.36E-01
-5.53	7.38E-01
-5.52	7.40E-01
-5.51	7.42E-01
-5.5	7.61E-01
-5.49	7.69E-01
-5.48	7.78E-01
-5.47	8.25E-01
-5.46	8.37E-01
-5.45	8.60E-01
-5.44	8.92E-01
-5.43	9.75E-01
-5.42	9.95E-01
-5.41	9.61E-01
-5.4	9.77E-01
-5.39	9.86E-01
-5.38	9.93E-01
-5.37	1.01E+00
-5.36	1.04E+00
-5.35	1.08E+00
-5.34	1.11E+00
-5.33	1.13E+00
-5.32	1.16E+00
-5.31	1.19E+00
-5.3	1.22E+00
-5.29	1.23E+00
-5.28	1.21E+00
-5.27	1.20E+00
-5.26	1.19E+00
-5.25	1.18E+00
-5.24	1.17E+00
-5.23	1.18E+00
-5.22	2.18E+00
-5.21	1.22E+00
-5.2	1.26E+00
-5.19	1.30E+00
-5.18	1.33E+00
-5.17	1.39E+00
-5.16	1.45E+00
-5.15	1.50E+00
-5.14	1.54E+00
-5.13	1.61E+00
-5.12	1.68E+00
-5.11	1.75E+00
-5.1	1.79E+00
-5.09	1.81E+00
-5.08	1.82E+00
-5.07	1.80E+00
-5.06	1.77E+00
-5.05	1.72E+00
-5.04	1.68E+00
-5.03	1.53E+00
-5.02	1.25E+00
-5.01	9.08E-01
-5	9.44E-01
-4.99	9.75E-01
-4.98	9.79E-01
-4.97	9.74E-01
-4.96	9.59E-01
-4.95	9.45E-01
-4.94	9.33E-01
-4.93	9.22E-01
-4.92	9.12E-01
-4.91	9.05E-01
-4.9	8.98E-01
-4.89	8.92E-01
-4.88	7.69E-01
-4.87	7.68E-01
-4.86	7.68E-01
-4.85	7.68E-01
-4.84	7.68E-01
-4.83	7.67E-01
-4.82	7.67E-01
-4.81	7.67E-01
-4.8	7.67E-01
-4.79	7.66E-01
-4.78	7.66E-01
-4.77	7.66E-01
-4.76	7.65E-01
-4.75	7.65E-01
-4.74	7.66E-01
-4.73	7.65E-01
-4.72	7.65E-01
-4.71	2.29E+00
-4.7	9.35E-01
-4.69	4.93E-01
-4.68	5.15E-01
-4.67	5.71E-01
-4.66	6.18E-01
-4.65	6.54E-01
-4.64	6.80E-01
-4.63	6.96E-01
-4.62	7.01E-01
-4.61	6.97E-01
-4.6	6.81E-01
-4.59	6.56E-01
-4.58	7.74E-01
-4.57	1.30E+00
-4.56	1.79E+00
-4.55	2.11E+00
-4.54	2.30E+00
-4.53	2.40E+00
-4.52	2.39E+00
-4.51	2.26E+00
-4.5	2.47E+00
-4.49	3.74E+00
-4.48	4.89E+00
-4.47	5.77E+00
-4.46	2.95E+00
-4.45	2.75E+00
-4.44	2.49E+00
-4.43	2.25E+00
-4.42	2.02E+00
-4.41	1.79E+00
-4.4	1.68E+00
-4.39	1.59E+00
-4.38	1.44E+00
-4.37	1.31E+00
-4.36	1.21E+00
-4.35	1.18E+00
-4.34	1.15E+00
-4.33	1.12E+00
-4.32	1.30E+00
-4.31	1.51E+00
-4.3	1.69E+00
-4.29	2.05E+00
-4.28	2.46E+00
-4.27	2.77E+00
-4.26	2.65E+00
-4.25	4.22E+00
-4.24	2.99E+00
-4.23	2.49E+00
-4.22	1.66E+00
-4.21	7.44E-01
-4.2	2.93E+00
-4.19	1.45E+00
-4.18	7.27E-01
-4.17	9.36E-01
-4.16	1.20E+00
-4.15	1.45E+00
-4.14	1.68E+00
-4.13	1.88E+00
-4.12	2.09E+00
-4.11	1.85E+00
-4.1	2.08E+00
-4.09	2.59E+00
-4.08	3.24E+00
-4.07	1.41E+00
-4.06	1.39E+00
-4.05	1.38E+00
-4.04	1.39E+00
-4.03	1.42E+00
-4.02	1.46E+00
-4.01	1.56E+00
-4	2.79E+00
-3.99	3.51E+00
-3.98	3.96E+00
-3.97	3.22E+00
-3.96	2.55E+00
-3.95	1.95E+00
-3.94	1.44E+00
-3.93	2.59E+00
-3.92	5.85E+00
-3.91	4.95E+00
-3.9	2.51E+00
-3.89	2.62E+00
-3.88	2.73E+00
-3.87	2.93E+00
-3.86	3.14E+00
-3.85	3.34E+00
-3.84	3.54E+00
-3.83	3.09E+00
-3.82	2.78E+00
-3.81	2.97E+00
-3.8	3.01E+00
-3.79	5.00E+00
-3.78	3.42E+00
-3.77	1.18E+00
-3.76	1.12E+00
-3.75	1.21E+00
-3.74	1.32E+00
-3.73	1.38E+00
-3.72	1.37E+00
-3.71	1.30E+00
-3.7	1.37E+00
-3.69	1.53E+00
-3.68	1.66E+00
-3.67	2.36E+00
-3.66	3.08E+00
-3.65	3.86E+00
-3.64	4.25E+00
-3.63	4.11E+00
-3.62	3.50E+00
-3.61	3.41E+00
-3.6	3.25E+00
-3.59	3.09E+00
-3.58	2.93E+00
-3.57	2.55E+00
-3.56	1.18E+00
-3.55	1.25E+00
-3.54	2.16E+00
-3.53	2.72E+00
-3.52	3.29E+00
-3.51	3.55E+00
-3.5	3.64E+00
-3.49	3.70E+00
-3.48	3.73E+00
-3.47	3.73E+00
-3.46	3.70E+00
-3.45	3.62E+00
-3.44	3.55E+00
-3.43	1.02E+01
-3.42	1.85E+00
-3.41	1.66E+00
-3.4	1.62E+00
-3.39	1.56E+00
-3.38	1.26E+00
-3.37	1.23E+00
-3.36	1.20E+00
-3.35	1.18E+00
-3.34	1.15E+00
-3.33	1.13E+00
-3.32	1.10E+00
-3.31	1.07E+00
-3.3	1.29E+00
-3.29	1.32E+00
-3.28	1.32E+00
-3.27	3.09E+00
-3.26	3.11E+00
-3.25	5.10E+00
-3.24	5.62E+00
-3.23	5.31E+00
-3.22	4.97E+00
-3.21	4.62E+00
-3.2	4.40E+00
-3.19	4.16E+00
-3.18	3.91E+00
-3.17	3.67E+00
-3.16	3.37E+00
-3.15	2.68E+00
-3.14	1.88E+00
-3.13	1.19E+00
-3.12	6.02E-01
-3.11	6.62E-01
-3.1	8.83E-01
-3.09	1.29E+00
-3.08	1.84E+00
-3.07	2.54E+00
-3.06	3.41E+00
-3.05	3.92E+00
-3.04	2.71E+00
-3.03	2.65E+00
-3.02	2.63E+00
-3.01	3.55E+00
-3	7.50E+00
-2.99	2.69E+00
-2.98	2.69E+00
-2.97	2.66E+00
-2.96	2.57E+00
-2.95	2.41E+00
-2.94	2.07E+00
-2.93	2.06E+00
-2.92	2.21E+00
-2.91	2.35E+00
-2.9	2.49E+00
-2.89	2.63E+00
-2.88	2.76E+00
-2.87	2.90E+00
-2.86	3.04E+00
-2.85	3.43E+00
-2.84	3.75E+00
-2.83	4.14E+00
-2.82	4.86E+00
-2.81	5.52E+00
-2.8	4.68E+00
-2.79	5.14E+00
-2.78	3.03E+00
-2.77	2.96E+00
-2.76	2.90E+00
-2.75	2.83E+00
-2.74	2.77E+00
-2.73	2.71E+00
-2.72	2.66E+00
-2.71	2.61E+00
-2.7	2.55E+00
-2.69	2.50E+00
-2.68	2.58E+00
-2.67	2.86E+00
-2.66	3.18E+00
-2.65	3.19E+00
-2.64	3.17E+00
-2.63	3.17E+00
-2.62	3.18E+00
-2.61	3.21E+00
-2.6	3.26E+00
-2.59	3.33E+00
-2.58	3.42E+00
-2.57	3.41E+00
-2.56	2.97E+00
-2.55	2.54E+00
-2.54	2.12E+00
-2.53	2.09E+00
-2.52	2.15E+00
-2.51	2.22E+00
-2.5	2.28E+00
-2.49	2.35E+00
-2.48	2.43E+00
-2.47	2.50E+00
-2.46	2.58E+00
-2.45	2.57E+00
-2.44	2.62E+00
-2.43	2.69E+00
-2.42	2.78E+00
-2.41	2.87E+00
-2.4	2.95E+00
-2.39	3.03E+00
-2.38	3.11E+00
-2.37	3.14E+00
-2.36	3.14E+00
-2.35	3.06E+00
-2.34	3.07E+00
-2.33	5.96E+00
-2.32	2.30E+00
-2.31	2.28E+00
-2.3	2.29E+00
-2.29	2.29E+00
-2.28	2.30E+00
-2.27	2.33E+00
-2.26	2.84E+00
-2.25	2.80E+00
-2.24	2.79E+00
-2.23	2.78E+00
-2.22	3.45E+00
-2.21	3.50E+00
-2.2	2.99E+00
-2.19	2.81E+00
-2.18	2.07E+00
-2.17	1.51E+00
-2.16	1.41E+00
-2.15	1.30E+00
-2.14	1.19E+00
-2.13	1.07E+00
-2.12	9.73E-01
-2.11	1.09E+00
-2.1	5.46E+00
-2.09	1.12E+00
-2.08	1.49E+00
-2.07	1.87E+00
-2.06	2.44E+00
-2.05	2.73E+00
-2.04	2.98E+00
-2.03	3.18E+00
-2.02	4.74E+00
-2.01	4.22E+00
-2	3.76E+00
-1.99	3.77E+00
-1.98	4.66E+00
-1.97	7.32E+00
-1.96	8.02E+00
-1.95	2.35E+00
-1.94	1.79E+00
-1.93	2.00E+00
-1.92	1.74E+00
-1.91	2.02E+00
-1.9	3.41E+00
-1.89	3.40E+00
-1.88	3.37E+00
-1.87	5.84E+00
-1.86	2.06E+00
-1.85	2.53E+00
-1.84	3.82E+00
-1.83	3.40E+00
-1.82	2.98E+00
-1.81	2.40E+00
-1.8	1.86E+00
-1.79	1.39E+00
-1.78	1.11E+00
-1.77	8.95E-01
-1.76	7.56E-01
-1.75	6.88E-01
-1.74	6.69E-01
-1.73	6.31E-01
-1.72	7.03E-01
-1.71	8.54E-01
-1.7	1.47E+00
-1.69	2.35E+00
-1.68	2.21E+00
-1.67	2.66E+00
-1.66	4.03E+00
-1.65	2.05E+00
-1.64	1.88E+00
-1.63	2.02E+00
-1.62	2.38E+00
-1.61	2.77E+00
-1.6	2.68E+00
-1.59	2.70E+00
-1.58	2.80E+00
-1.57	2.50E+00
-1.56	2.30E+00
-1.55	2.26E+00
-1.54	2.23E+00
-1.53	2.21E+00
-1.52	2.19E+00
-1.51	2.18E+00
-1.5	2.18E+00
-1.49	2.59E+00
-1.48	1.15E+00
-1.47	1.24E+00
-1.46	1.74E+00
-1.45	1.87E+00
-1.44	1.45E+00
-1.43	1.22E+00
-1.42	1.36E+00
-1.41	2.01E+00
-1.4	1.29E+00
-1.39	1.38E+00
-1.38	1.45E+00
-1.37	1.50E+00
-1.36	3.02E+00
-1.35	2.68E+00
-1.34	2.33E+00
-1.33	2.01E+00
-1.32	1.68E+00
-1.31	1.35E+00
-1.3	1.02E+00
-1.29	6.99E-01
-1.28	4.80E-01
-1.27	4.37E-01
-1.26	3.99E-01
-1.25	3.68E-01
-1.24	3.44E-01
-1.23	3.25E-01
-1.22	4.01E-01
-1.21	5.03E-01
-1.2	6.19E-01
-1.19	7.47E-01
-1.18	7.67E-01
-1.17	8.85E-01
-1.16	1.07E+00
-1.15	2.76E+00
-1.14	5.31E-01
-1.13	5.02E-01
-1.12	4.38E-01
-1.11	3.54E-01
-1.1	3.55E-01
-1.09	3.54E-01
-1.08	3.51E-01
-1.07	3.46E-01
-1.06	3.39E-01
-1.05	3.30E-01
-1.04	3.19E-01
-1.03	3.07E-01
-1.02	2.93E-01
-1.01	2.97E-01
-1	3.04E-01
-0.99	3.13E-01
-0.98	3.20E-01
-0.97	3.28E-01
-0.96	3.35E-01
-0.95	2.68E-01
-0.94	2.36E-01
-0.93	2.49E-01
-0.92	3.15E-01
-0.91	4.30E-01
-0.9	6.27E-01
-0.89	1.44E+00
-0.88	3.82E-01
-0.87	2.10E-01
-0.86	1.26E+00
-0.85	5.81E-01
-0.84	5.30E-01
-0.83	4.80E-01
-0.82	4.31E-01
-0.81	3.82E-01
-0.8	3.34E-01
-0.79	2.86E-01
-0.78	2.39E-01
-0.77	2.02E-01
-0.76	2.20E-01
-0.75	2.46E-01
-0.74	2.66E-01
-0.73	2.86E-01
-0.72	3.05E-01
-0.71	3.25E-01
-0.7	3.44E-01
-0.69	3.64E-01
-0.68	3.85E-01
-0.67	4.07E-01
-0.66	4.28E-01
-0.65	4.50E-01
-0.64	4.72E-01
-0.63	2.66E-01
-0.62	2.65E-01
-0.61	2.64E-01
-0.6	2.62E-01
-0.59	2.62E-01
-0.58	2.61E-01
-0.57	2.60E-01
-0.56	2.59E-01
-0.55	2.55E-01
-0.54	2.49E-01
-0.53	2.43E-01
-0.52	2.35E-01
-0.51	2.29E-01
-0.5	2.22E-01
-0.49	2.16E-01
-0.48	2.09E-01
-0.47	2.02E-01
-0.46	1.96E-01
-0.45	1.89E-01
-0.44	1.82E-01
-0.43	1.75E-01
-0.42	1.69E-01
-0.41	1.64E-01
-0.4	1.62E-01
-0.39	1.60E-01
-0.38	1.59E-01
-0.37	1.57E-01
-0.36	1.55E-01
-0.35	1.53E-01
-0.34	1.51E-01
-0.33	1.49E-01
-0.32	1.48E-01
-0.31	1.46E-01
-0.3	1.44E-01
-0.29	1.42E-01
-0.28	1.40E-01
-0.27	1.38E-01
-0.26	1.12E-01
-0.25	1.06E-01
-0.24	9.96E-02
-0.23	9.35E-02
-0.22	8.76E-02
-0.21	8.17E-02
-0.2	7.61E-02
-0.19	7.05E-02
-0.18	6.51E-02
-0.17	5.98E-02
-0.16	5.46E-02
-0.15	4.96E-02
-0.14	4.47E-02
-0.13	4.00E-02
-0.12	3.53E-02
-0.11	3.08E-02
-0.1	2.65E-02
-0.09	2.22E-02
-0.08	1.81E-02
-0.07	1.41E-02
-0.06	1.03E-02
-0.05	6.60E-03
-0.04	3.02E-03
-0.03	0.00E+00
-0.02	0.00E+00
-0.01	0.00E+00
0	0.00E+00
0.01	0.00E+00
0.02	0.00E+00
0.03	0.00E+00
0.04	0.00E+00
0.05	0.00E+00
0.06	0.00E+00
0.07	1.22E-03
0.08	7.33E-03
0.09	1.33E-02
0.1	2.15E-02
0.11	3.32E-02
0.12	4.49E-02
0.13	5.65E-02
0.14	6.77E-02
0.15	7.88E-02
0.16	8.98E-02
0.17	1.01E-01
0.18	1.11E-01
0.19	1.22E-01
0.2	1.31E-01
0.21	1.42E-01
0.22	1.51E-01
0.23	1.61E-01
0.24	1.70E-01
0.25	1.80E-01
0.26	1.88E-01
0.27	3.76E-01
0.28	3.78E-01
0.29	4.07E-01
0.3	4.15E-01
0.31	4.23E-01
0.32	4.31E-01
0.33	4.98E-01
0.34	8.66E-01
0.35	1.39E+00
0.36	1.93E+00
0.37	1.10E+00
0.38	1.08E+00
0.39	1.07E+00
0.4	6.84E-01
0.41	2.60E-01
0.42	2.70E-01
0.43	1.08E+00
0.44	1.21E+00
0.45	1.43E+00
0.46	3.23E+00
0.47	2.44E-02
0.48	2.56E-02
0.49	2.67E-02
0.5	2.79E-02
0.51	2.92E-02
0.52	3.04E-02
0.53	3.17E-02
0.54	3.29E-02
0.55	3.42E-02
0.56	3.56E-02
0.57	3.69E-02
0.58	1.62E-01
0.59	3.15E-01
0.6	6.97E-01
0.61	1.41E+00
0.62	3.24E+00
0.63	6.36E+00
0.64	1.90E+00
0.65	1.75E+00
0.66	1.63E+00
0.67	2.41E+00
0.68	2.27E+00
0.69	2.00E+00
0.7	1.82E+00
0.71	1.62E+00
0.72	1.32E+00
0.73	1.22E+00
0.74	1.41E+00
0.75	2.13E+00
0.76	2.09E+00
0.77	3.68E-01
0.78	4.71E-02
0.79	4.69E-02
0.8	4.68E-02
0.81	4.67E-02
0.82	4.65E-02
0.83	4.64E-02
0.84	4.62E-02
0.85	4.60E-02
0.86	4.58E-02
0.87	4.57E-02
0.88	4.55E-02
0.89	4.53E-02
0.9	4.51E-02
0.91	4.49E-02
0.92	4.47E-02
0.93	4.45E-02
0.94	4.44E-02
0.95	4.41E-02
0.96	4.39E-02
0.97	4.37E-02
0.98	4.35E-02
0.99	4.32E-02
1	4.30E-02
1.01	4.28E-02
1.02	4.25E-02
1.03	4.23E-02
1.04	4.20E-02
1.05	4.18E-02
1.06	4.15E-02
1.07	6.70E-02
1.08	2.06E-01
1.09	3.82E-01
1.1	1.49E-01
1.11	1.60E-01
1.12	1.71E-01
1.13	1.87E-01
1.14	2.05E-01
1.15	2.72E-01
1.16	4.23E-01
1.17	6.11E-01
1.18	8.31E-01
1.19	1.08E+00
1.2	1.36E+00
1.21	9.53E-01
1.22	9.96E-01
1.23	1.04E+00
1.24	9.28E-01
1.25	6.77E-01
1.26	5.03E-01
1.27	5.43E-01
1.28	5.86E-01
1.29	6.42E-01
1.3	7.06E-01
1.31	7.18E-01
1.32	6.35E-01
1.33	7.01E-01
1.34	7.66E-01
1.35	7.70E-01
1.36	7.72E-01
1.37	7.72E-01
1.38	7.71E-01
1.39	7.70E-01
1.4	7.73E-01
1.41	7.75E-01
1.42	7.75E-01
1.43	7.74E-01
1.44	9.42E-01
1.45	8.93E-01
1.46	8.56E-01
1.47	8.30E-01
1.48	8.12E-01
1.49	7.77E-01
1.5	7.55E-01
1.51	7.66E-01
1.52	1.36E+00
1.53	1.16E+00
1.54	9.87E-01
1.55	8.35E-01
1.56	9.44E-01
1.57	1.08E+00
1.58	1.33E+00
1.59	1.02E+00
1.6	1.19E+00
1.61	1.35E+00
1.62	1.39E+00
1.63	1.27E+00
1.64	1.16E+00
1.65	1.05E+00
1.66	8.52E-01
1.67	8.55E-01
1.68	7.16E-01
1.69	8.36E-01
1.7	9.57E-01
1.71	1.08E+00
1.72	3.25E+00
1.73	4.61E-01
1.74	1.32E+00
1.75	1.15E+00
1.76	1.01E+00
1.77	8.85E-01
1.78	7.91E-01
1.79	7.11E-01
1.8	2.28E+00
1.81	8.01E-01
1.82	7.73E-01
1.83	8.29E-01
1.84	8.90E-01
1.85	9.46E-01
1.86	1.06E+00
1.87	1.17E+00
1.88	1.23E+00
1.89	1.32E+00
1.9	2.03E+00
1.91	2.74E+00
1.92	3.39E+00
1.93	2.91E+00
1.94	3.17E+00
1.95	3.66E+00
1.96	4.24E+00
1.97	4.93E+00
1.98	3.19E+00
1.99	3.97E+00
2	3.74E+00
2.01	3.59E+00
2.02	2.11E+00
2.03	1.86E+00
2.04	2.25E+00
2.05	2.46E+00
2.06	2.11E+00
2.07	1.77E+00
2.08	1.54E+00
2.09	1.35E+00
2.1	1.18E+00
2.11	1.04E+00
2.12	1.37E+00
2.13	1.04E+00
2.14	7.81E-01
2.15	5.91E-01
2.16	5.17E-01
2.17	5.28E-01
2.18	5.52E-01
2.19	1.14E+00
2.2	1.50E+00
2.21	2.07E+00
2.22	2.86E+00
2.23	1.08E+00
2.24	1.06E+00
2.25	2.26E+00
2.26	1.80E+00
2.27	1.41E+00
2.28	1.41E+00
2.29	1.47E+00
2.3	1.54E+00
2.31	1.32E+00
2.32	1.33E+00
2.33	1.33E+00
2.34	1.32E+00
2.35	1.33E+00
2.36	1.33E+00
2.37	1.34E+00
2.38	1.36E+00
2.39	1.37E+00
2.4	1.38E+00
2.41	1.39E+00
2.42	1.20E+00
2.43	1.22E+00
2.44	1.23E+00
2.45	1.23E+00
2.46	1.21E+00
2.47	3.22E+00
2.48	2.71E+00
2.49	2.22E+00
2.5	1.73E+00
2.51	1.25E+00
2.52	7.65E-01
2.53	6.22E-01
2.54	4.94E-01
2.55	3.74E-01
2.56	3.07E-01
2.57	2.38E-01
2.58	1.66E-01
2.59	9.16E-02
2.6	1.48E-02
2.61	0.00E+00
 
