-15.23	0
-15.22	1.832163
-15.21	3.67143
-15.2	2.7045
-15.19	2.86134
-15.18	3.01591
-15.17	3.18023
-15.16	3.3414
-15.15	3.5024
-15.14	3.5681
-15.13	3.3914
-15.12	3.2151
-15.11	3.1214
-15.1	3.2133
-15.09	3.2969
-15.08	3.3805
-15.07	3.4674
-15.06	3.5516
-15.05	3.6395
-15.04	3.7256
-15.03	3.8138
-15.02	7.6277
-15.01	6.0977
-15	4.5708
-14.99	3.0331
-14.98	1.6503
-14.97	1.42927
-14.96	1.20893
-14.95	1.1197
-14.94	1.22037
-14.93	1.3215
-14.92	1.4231
-14.91	1.5246
-14.9	1.7593
-14.89	2.0878
-14.88	2.4168
-14.87	5.2042
-14.86	12.2326
-14.85	2.6205
-14.84	2.6616
-14.83	2.6948
-14.82	2.7373
-14.81	2.7747
-14.8	2.8129
-14.79	2.8526
-14.78	2.8943
-14.77	2.9284
-14.76	2.9782
-14.75	3.0231
-14.74	3.0686
-14.73	3.1173
-14.72	3.1676
-14.71	3.2111
-14.7	3.2631
-14.69	3.3124
-14.68	3.3609
-14.67	4.5768
-14.66	4.3931
-14.65	4.2062
-14.64	4.0153
-14.63	3.8544
-14.62	3.7207
-14.61	3.593
-14.6	3.6227
-14.59	3.6797
-14.58	3.7256
-14.57	3.7754
-14.56	3.8218
-14.55	3.8755
-14.54	3.9202
-14.53	3.9683
-14.52	4.0214
-14.51	3.3102
-14.5	3.3293
-14.49	3.358
-14.48	3.3824
-14.47	3.4114
-14.46	3.4379
-14.45	3.2789
-14.44	3.2586
-14.43	3.2357
-14.42	3.3392
-14.41	3.3418
-14.4	3.3445
-14.39	3.3459
-14.38	3.3473
-14.37	3.3514
-14.36	3.3514
-14.35	3.3534
-14.34	4.0661
-14.33	6.0266
-14.32	5.7143
-14.31	5.4062
-14.3	5.1002
-14.29	4.7847
-14.28	4.4705
-14.27	4.1662
-14.26	3.8546
-14.25	3.5474
-14.24	3.2351
-14.23	2.9229
-14.22	2.6243
-14.21	2.4541
-14.2	2.3855
-14.19	2.3157
-14.18	2.3501
-14.17	5.7339
-14.16	4.9616
-14.15	4.1876
-14.14	3.4152
-14.13	2.6439
-14.12	1.8721
-14.11	2.0528
-14.1	2.4313
-14.09	2.8104
-14.08	3.1898
-14.07	3.5678
-14.06	3.9457
-14.05	4.3252
-14.04	4.698
-14.03	5.0853
-14.02	5.4637
-14.01	3.3093
-14	2.8638
-13.99	2.8855
-13.98	2.9082
-13.97	2.9298
-13.96	2.9514
-13.95	2.9731
-13.94	2.9958
-13.93	3.0181
-13.92	3.0397
-13.91	3.0617
-13.9	3.0832
-13.89	3.1058
-13.88	3.1275
-13.87	4.7138
-13.86	9.696
-13.85	14.691
-13.84	3.4554
-13.83	3.4563
-13.82	3.4561
-13.81	3.4564
-13.8	3.455
-13.79	3.4586
-13.78	3.4579
-13.77	3.4577
-13.76	3.5104
-13.75	3.5777
-13.74	3.6412
-13.73	3.7059
-13.72	3.7736
-13.71	3.8378
-13.7	3.9011
-13.69	3.9724
-13.68	4.0368
-13.67	4.1009
-13.66	4.171
-13.65	4.2341
-13.64	4.2704
-13.63	4.3042
-13.62	4.3602
-13.61	4.4505
-13.6	4.5403
-13.59	4.6329
-13.58	4.7322
-13.57	4.8198
-13.56	4.9108
-13.55	5.0019
-13.54	5.1019
-13.53	6.1339
-13.52	5.2425
-13.51	4.3435
-13.5	3.4499
-13.49	2.5541
-13.48	1.7208
-13.47	3.5384
-13.46	5.3856
-13.45	5.5243
-13.44	5.1652
-13.43	4.8007
-13.42	4.4415
-13.41	4.0815
-13.4	3.7134
-13.39	3.3505
-13.38	1.5741
-13.37	1.6196
-13.36	1.665
-13.35	1.7116
-13.34	1.7565
-13.33	1.8024
-13.32	1.8491
-13.31	1.8946
-13.3	1.9395
-13.29	1.9855
-13.28	2.0312
-13.27	2.0762
-13.26	2.1218
-13.25	2.1668
-13.24	2.2127
-13.23	5.7759
-13.22	5.8047
-13.21	5.8167
-13.2	5.8452
-13.19	5.8639
-13.18	5.8883
-13.17	4.7357
-13.16	3.0512
-13.15	2.3546
-13.14	3.0054
-13.13	3.6542
-13.12	4.302
-13.11	4.9443
-13.1	5.5908
-13.09	6.2265
-13.08	14.279
-13.07	7.693
-13.06	5.3086
-13.05	4.8405
-13.04	4.3728
-13.03	3.9114
-13.02	3.5244
-13.01	3.1418
-13	2.773
-12.99	2.4331
-12.98	2.4684
-12.97	2.515
-12.96	2.5645
-12.95	2.8277
-12.94	3.1011
-12.93	3.399
-12.92	3.6979
-12.91	3.9947
-12.9	4.2969
-12.89	4.5929
-12.88	4.884
-12.87	5.1789
-12.86	5.4759
-12.85	5.7683
-12.84	6.0662
-12.83	6.3584
-12.82	5.2093
-12.81	5.1825
-12.8	5.2371
-12.79	9.653
-12.78	4.9896
-12.77	4.7029
-12.76	4.6843
-12.75	4.6631
-12.74	4.6228
-12.73	4.5344
-12.72	4.4496
-12.71	4.3626
-12.7	4.2743
-12.69	4.1947
-12.68	4.1078
-12.67	4.0141
-12.66	3.9189
-12.65	3.8366
-12.64	3.8372
-12.63	3.8327
-12.62	3.8392
-12.61	3.8339
-12.6	3.8377
-12.59	3.8381
-12.58	4.9493
-12.57	4.9857
-12.56	5.0243
-12.55	5.0722
-12.54	5.1032
-12.53	5.1491
-12.52	5.1918
-12.51	5.2412
-12.5	5.2834
-12.49	5.3274
-12.48	5.373
-12.47	5.4297
-12.46	5.5049
-12.45	7.9079
-12.44	10.4127
-12.43	12.9852
-12.42	9.9486
-12.41	8.6722
-12.4	7.5865
-12.39	6.5297
-12.38	6.3795
-12.37	5.6191
-12.36	4.8527
-12.35	4.2946
-12.34	3.8552
-12.33	0.38370000000002
-12.32	0.498080113
-12.31	0.87352367
-12.3	1.33461
-12.29	2.12172
-12.28	2.9026
-12.27	3.6809
-12.26	4.8425
-12.25	6.1187
-12.24	7.3933
-12.23	8.6723
-12.22	10.8981
-12.21	15.4619
-12.2	10.7558
-12.19	10.2685
-12.18	9.7838
-12.17	9.2947
-12.16	8.8082
-12.15	8.4831
-12.14	9.043
-12.13	9.6274
-12.12	10.2235
-12.11	8.6482
-12.1	8.4866
-12.09	15.1452
-12.08	14.5996
-12.07	6.7394
-12.06	6.3211
-12.05	5.9134
-12.04	5.4887
-12.03	5.0729
-12.02	4.6388
-12.01	4.2203
-12	3.824
-11.99	3.6802
-11.98	3.5291
-11.97	3.3828
-11.96	3.25235
-11.95	3.35983
-11.94	4.1624
-11.93	5.0752
-11.92	6.0076
-11.91	6.9483
-11.9	7.8909
-11.89	8.8487
-11.88	4.4211
-11.87	4.5394
-11.86	4.6614
-11.85	4.7949
-11.84	4.88823
-11.83	5.2354
-11.82	5.3197
-11.81	5.1363
-11.8	4.94701
-11.79	4.75414
-11.78	4.5709
-11.77	4.38008
-11.76	4.17295
-11.75	3.98431
-11.74	3.87029
-11.73	3.86715
-11.72	3.87719
-11.71	3.87565
-11.7	3.87726
-11.69	3.89015
-11.68	3.88716
-11.67	3.89238
-11.66	5.48083
-11.65	4.47353
-11.64	3.46759
-11.63	2.449439
-11.62	1.427742
-11.61	0.3987395
-11.6	0
-11.59	0
-11.58	0
-11.57	0
-11.56	0
-11.55	0
-11.54	0
-11.53	0
-11.52	0
-11.51	0
-11.5	0
-11.49	0
-11.48	0
-11.47	0
-11.46	0
-11.45	0
-11.44	0
-11.43	0
-11.42	0
-11.41	0
-11.4	0
-11.39	0
-11.38	0
-11.37	0
-11.36	0
-11.35	0
-11.34	0
-11.33	0
-11.32	0
-11.31	0.0395264
-11.3	0.1185299
-11.29	0.195995
-11.28	0.1264997
-11.27	0.1318066
-11.26	0.1370193
-11.25	0.1421005
-11.24	0.1471002
-11.23	0.1519497
-11.22	0.1567267
-11.21	0.1523739
-11.2	0.1440307
-11.19	0.135775
-11.18	0.1319569
-11.17	0.1336182
-11.16	0.1353919
-11.15	0.1369544
-11.14	0.138655
-11.13	0.1402346
-11.12	0.1417627
-11.11	0.1432887
-11.1	0.1447219
-11.09	0.1461729
-11.08	0.2854531
-11.07	0.236953
-11.06	0.189214
-11.05	0.1423442
-11.04	0.09618037
-11.03	0.05719714
-11.02	0.05033724
-11.01	0.04481728
-11	0.04818072
-10.99	0.05166955
-10.98	0.05504219
-10.97	0.05841469
-10.96	0.06170506
-10.95	0.06490685
-10.94	0.06934191
-10.93	0.07858051
-10.92	0.14311528
-10.91	0.2723402
-10.9	0.403745
-10.89	0.08969938
-10.88	0.09047275
-10.87	0.09123673
-10.86	0.09209194
-10.85	0.09282771
-10.84	0.09356455
-10.83	0.09422262
-10.82	0.09500149
-10.81	0.09572099
-10.8	0.09637153
-10.79	0.09729341
-10.78	0.09820515
-10.77	0.09907785
-10.76	0.10001038
-10.75	0.10091284
-10.74	0.10164523
-10.73	0.10255818
-10.72	0.1033606
-10.71	0.1041638
-10.7	0.1049367
-10.69	0.1465289
-10.68	0.1399489
-10.67	0.1335771
-10.66	0.1270633
-10.65	0.120608
-10.64	0.1155088
-10.63	0.1106797
-10.62	0.1105688
-10.61	0.1116362
-10.6	0.1127241
-10.59	0.1138648
-10.58	0.1148671
-10.57	0.1159594
-10.56	0.117025
-10.55	0.1181494
-10.54	0.1191672
-10.53	0.1201952
-10.52	0.1213352
-10.51	0.0984071
-10.5	0.0987053
-10.49	0.0990672
-10.48	0.0993763
-10.47	0.0996495
-10.46	0.1000132
-10.45	0.0991555
-10.44	0.095914
-10.43	0.0950794
-10.42	0.0951685
-10.41	0.0966524
-10.4	0.0965542
-10.39	0.0964528
-10.38	0.0963819
-10.37	0.0962865
-10.36	0.0961283
-10.35	0.0960493
-10.34	0.0959188
-10.33	0.1165179
-10.32	0.1708981
-10.31	0.1626874
-10.3	0.1544529
-10.29	0.1462346
-10.28	0.1380105
-10.27	0.1297456
-10.26	0.1215769
-10.25	0.1133051
-10.24	0.1051865
-10.23	0.0969574
-10.22	0.088728
-10.21	0.0804335
-10.2	0.072446
-10.19	0.066853
-10.18	0.0650072
-10.17	0.0649848
-10.16	0.0657238
-10.15	0.0670327
-10.14	0.168212
-10.13	0.1429903
-10.12	0.1182852
-10.11	0.0940971
-10.1	0.0703863
-10.09	0.0525653
-10.08	0.0621356
-10.07	0.0738081
-10.06	0.085446
-10.05	0.097036
-10.04	0.108522
-10.03	0.11997
-10.02	0.131339
-10.01	0.142576
-10	0.153719
-9.99	0.164937
-9.98	0.084782
-9.97	0.085395
-9.96	0.08605
-9.95	0.086539
-9.94	0.087191
-9.93	0.087763
-9.92	0.088332
-9.91	0.088871
-9.9	0.089427
-9.89	0.089992
-9.88	0.090561
-9.87	0.091054
-9.86	0.091582
-9.85	0.092175
-9.84	0.092634
-9.83	0.093223
-9.82	0.10729
-9.81	0.281874
-9.8	0.464509
-9.79	0.104996
-9.78	0.105263
-9.77	0.10553
-9.76	0.105845
-9.75	0.10607
-9.74	0.106336
-9.73	0.106739
-9.72	0.108067
-9.71	0.109404
-9.7	0.110712
-9.69	0.112072
-9.68	0.113317
-9.67	0.11464
-9.66	0.115965
-9.65	0.117315
-9.64	0.118652
-9.63	0.119161
-9.62	0.119676
-9.61	0.121908
-9.6	0.124243
-9.59	0.126676
-9.58	0.129008
-9.57	0.131416
-9.56	0.133816
-9.55	0.136155
-9.54	0.138589
-9.53	0.140896
-9.52	0.143288
-9.51	0.145623
-9.5	0.14827
-9.49	0.158843
-9.48	0.169333
-9.47	0.179956
-9.46	0.190665
-9.45	0.256554
-9.44	0.119427
-9.43	0.130366
-9.42	0.154973
-9.41	0.187859
-9.4	0.219655
-9.39	0.1228937
-9.38	0.1348848
-9.37	0.1464914
-9.36	0.191114
-9.35	0.22639
-9.34	0.26218
-9.33	0.29699
-9.32	0.32996
-9.31	0.36109
-9.3	0.39032
-9.29	0.41781
-9.28	0.44341
-9.27	0.46692
-9.26	0.8583
-9.25	1.6814
-9.24	2.5025
-9.23	3.3303
-9.22	4.1634
-9.21	4.9883
-9.2	13.24
-9.19	5.2508
-9.18	4.5742
-9.17	3.9613
-9.16	3.4101
-9.15	2.843
-9.14	2.4048
-9.13	2.0266
-9.12	1.7108
-9.11	1.4558
-9.1	1.205
-9.09	0.9145
-9.08	1.0331
-9.07	1.1647
-9.06	1.2874
-9.05	7.4509
-9.04	7.3613
-9.03	7.2575
-9.02	6.7071
-9.01	5.4197
-9	4.2776
-8.99	3.9144
-8.98	3.6163
-8.97	3.4772
-8.96	3.4248
-8.95	3.5197
-8.94	3.6987
-8.93	3.9428
-8.92	4.2485
-8.91	4.6076
-8.9	4.9774
-8.89	5.344
-8.88	5.7189
-8.87	6.7139
-8.86	7.7118
-8.85	8.6504
-8.84	9.5186
-8.83	7.3773
-8.82	7.3544
-8.81	7.2723
-8.8	6.2614
-8.79	5.5918
-8.78	4.8837
-8.77	4.1996
-8.76	3.7121
-8.75	3.371
-8.74	3.0871
-8.73	2.9202
-8.72	2.8457
-8.71	2.7498
-8.7	2.6311
-8.69	2.7189
-8.68	2.845
-8.67	2.9566
-8.66	3.0442
-8.65	3.1935
-8.64	3.6896
-8.63	4.1751
-8.62	4.6596
-8.61	5.1517
-8.6	21.342
-8.59	16.268
-8.58	11.79
-8.57	9.5305
-8.56	6.8887
-8.55	4.2286
-8.54	2.919
-8.53	2.9117
-8.52	2.9082
-8.51	2.9008
-8.5	3.03
-8.49	3.3816
-8.48	3.7558
-8.47	4.1476
-8.46	4.5591
-8.45	4.9828
-8.44	5.4344
-8.43	5.393
-8.42	5.2597
-8.41	5.125
-8.4	4.9797
-8.39	4.8322
-8.38	4.6873
-8.37	4.531
-8.36	10.93
-8.35	5.2877
-8.34	2.558
-8.33	2.5903
-8.32	2.6235
-8.31	2.6558
-8.3	2.6889
-8.29	2.7224
-8.28	2.754
-8.27	2.7882
-8.26	2.8209
-8.25	2.8542
-8.24	5.0465
-8.23	4.8591
-8.22	4.674
-8.21	4.4811
-8.2	4.2947
-8.19	4.108
-8.18	3.9195
-8.17	3.7339
-8.16	5.4088
-8.15	5.0517
-8.14	4.6937
-8.13	4.3424
-8.12	3.9893
-8.11	3.6361
-8.1	3.2804
-8.09	2.9261
-8.08	2.5715
-8.07	2.2185
-8.06	1.8655
-8.05	1.5116
-8.04	1.2169
-8.03	0.9378
-8.02	0.68205
-8.01	1.05382
-8	1.48818
-7.99	1.7086
-7.98	1.7116
-7.97	1.5303
-7.96	1.2023
-7.95	1.336
-7.94	1.5977
-7.93	1.7636
-7.92	1.8067
-7.91	1.7256
-7.9	1.7873
-7.89	1.9549
-7.88	2.1187
-7.87	2.2814
-7.86	2.4408
-7.85	2.5973
-7.84	2.7504
-7.83	2.9032
-7.82	3.0522
-7.81	3.1977
-7.8	3.3423
-7.79	3.5081
-7.78	3.6955
-7.77	3.8867
-7.76	4.0806
-7.75	4.2774
-7.74	4.4766
-7.73	4.6866
-7.72	4.8922
-7.71	5.1065
-7.7	5.3286
-7.69	3.4831
-7.68	3.3812
-7.67	4.8387
-7.66	3.6388
-7.65	3.0978
-7.64	2.637
-7.63	2.2574
-7.62	1.9576
-7.61	1.7351
-7.6	1.8325
-7.59	4.8992
-7.58	1.5709
-7.57	1.5133
-7.56	1.4739
-7.55	1.451
-7.54	1.4463
-7.53	1.4561
-7.52	1.493
-7.51	1.5319
-7.5	1.5725
-7.49	1.6138
-7.48	1.5418
-7.47	1.5945
-7.46	1.6557
-7.45	1.728
-7.44	1.8087
-7.43	1.8996
-7.42	1.9992
-7.41	2.1091
-7.4	2.2282
-7.39	2.3853
-7.38	2.5897
-7.37	2.8378
-7.36	3.1229
-7.35	3.4535
-7.34	3.8404
-7.33	4.281
-7.32	4.6507
-7.31	4.073
-7.3	3.5753
-7.29	8.297
-7.28	5.8759
-7.27	4.0504
-7.26	2.8338
-7.25	2.19
-7.24	1.9167
-7.23	1.6537
-7.22	1.3972
-7.21	1.15
-7.2	0.91
-7.19	0.69769
-7.18	0.61161
-7.17	0.65502
-7.16	0.82034
-7.15	0.96194
-7.14	1.08188
-7.13	1.17817
-7.12	1.2554
-7.11	1.30788
-7.1	1.32798
-7.09	1.31242
-7.08	1.26494
-7.07	1.18345
-7.06	1.0672
-7.05	0.9979
-7.04	1.0394
-7.03	1.0806
-7.02	1.1199
-7.01	1.1598
-7	1.1974
-6.99	1.2339
-6.98	1.2687
-6.97	1.3044
-6.96	1.6213
-6.95	2.7947
-6.94	4.7203
-6.93	8.8951
-6.92	12.2371
-6.91	7.8607
-6.9	2.5439
-6.89	2.5336
-6.88	2.5233
-6.87	2.5137
-6.86	2.5045
-6.85	2.4958
-6.84	2.4727
-6.83	2.4652
-6.82	2.4576
-6.81	2.4503
-6.8	2.4432
-6.79	2.4361
-6.78	2.4301
-6.77	2.4228
-6.76	2.4163
-6.75	2.4085
-6.74	2.4026
-6.73	6.6901
-6.72	6.4688
-6.71	5.409
-6.7	4.3938
-6.69	3.8018
-6.68	3.3339
-6.67	3.0012
-6.66	2.8164
-6.65	2.7208
-6.64	2.6095
-6.63	2.482
-6.62	2.337
-6.61	2.1756
-6.6	2.1349
-6.59	2.1932
-6.58	2.4686
-6.57	2.6048
-6.56	2.7388
-6.55	2.8964
-6.54	3.0463
-6.53	3.1081
-6.52	3.1212
-6.51	3.1314
-6.5	3.139
-6.49	3.1453
-6.48	3.1553
-6.47	3.1558
-6.46	3.16
-6.45	3.1591
-6.44	3.1555
-6.43	3.1497
-6.42	3.1443
-6.41	3.1417
-6.4	3.1285
-6.39	3.1077
-6.38	3.0963
-6.37	3.0774
-6.36	3.0632
-6.35	3.0428
-6.34	3.0222
-6.33	3.6441
-6.32	5.2788
-6.31	3.5343
-6.3	4.3602
-6.29	7.6303
-6.28	3.8944
-6.27	3.6076
-6.26	3.3673
-6.25	3.1687
-6.24	3.0153
-6.23	2.9051
-6.22	2.8425
-6.21	2.8228
-6.2	3.6299
-6.19	3.2841
-6.18	2.9391
-6.17	2.5989
-6.16	34.268
-6.15	3.7779
-6.14	5.4458
-6.13	6.9767
-6.12	3.2362
-6.11	3.0224
-6.1	2.7908
-6.09	2.5578
-6.08	2.303
-6.07	2.03881
-6.06	1.76427
-6.05	1.47757
-6.04	1.1792
-6.03	0.92169
-6.02	0.81291
-6.01	0.92798
-6	1.06543
-5.99	1.31986
-5.98	1.69855
-5.97	2.18916
-5.96	2.55204
-5.95	2.74352
-5.94	2.76296
-5.93	2.61571
-5.92	1.84643
-5.91	2.0533
-5.9	2.2088
-5.89	2.307
-5.88	2.3583
-5.87	2.3529
-5.86	2.2899
-5.85	3.4628
-5.84	5.4426
-5.83	7.0096
-5.82	2.1525
-5.81	2.2181
-5.8	2.2904
-5.79	2.3775
-5.78	2.481
-5.77	2.5864
-5.76	2.6909
-5.75	2.796
-5.74	2.8996
-5.73	3.0038
-5.72	3.1079
-5.71	3.2115
-5.7	3.3133
-5.69	3.4343
-5.68	3.6056
-5.67	3.8247
-5.66	4.093
-5.65	4.4057
-5.64	4.7614
-5.63	19.634
-5.62	10.2572
-5.61	4.7387
-5.6	2.9895
-5.59	4.4361
-5.58	5.9936
-5.57	7.5663
-5.56	9.1433
-5.55	3.597
-5.54	3.6691
-5.53	3.742
-5.52	3.8154
-5.51	3.8894
-5.5	4.0471
-5.49	4.1333
-5.48	4.221
-5.47	4.4855
-5.46	4.5765
-5.45	4.7483
-5.44	4.9969
-5.43	5.3679
-5.42	5.6302
-5.41	5.7257
-5.4	5.9962
-5.39	6.1324
-5.38	6.2102
-5.37	6.3889
-5.36	6.7111
-5.35	6.9287
-5.34	6.9917
-5.33	7.0394
-5.32	7.0891
-5.31	7.155
-5.3	7.2247
-5.29	7.0729
-5.28	6.5558
-5.27	6.0778
-5.26	5.6579
-5.25	5.2757
-5.24	4.9143
-5.23	4.701
-5.22	11.2387
-5.21	4.8338
-5.2	5.0085
-5.19	5.1863
-5.18	5.3026
-5.17	5.415
-5.16	5.5284
-5.15	5.6265
-5.14	5.7193
-5.13	5.8561
-5.12	6.0629
-5.11	6.2647
-5.1	6.4566
-5.09	6.6309
-5.08	6.8094
-5.07	6.9714
-5.06	7.1328
-5.05	7.2775
-5.04	6.5951
-5.03	5.436
-5.02	4.3391
-5.01	3.3698
-5	3.7
-4.99	4.0217
-4.98	4.1458
-4.97	4.1986
-4.96	4.1741
-4.95	4.1434
-4.94	4.1096
-4.93	4.081
-4.92	4.0497
-4.91	4.0225
-4.9	3.9928
-4.89	3.9681
-4.88	3.1135
-4.87	3.0845
-4.86	3.0577
-4.85	3.035
-4.84	2.9992
-4.83	2.9727
-4.82	2.9435
-4.81	2.9199
-4.8	2.8937
-4.79	2.8638
-4.78	2.8346
-4.77	2.8083
-4.76	2.7791
-4.75	2.7618
-4.74	2.7362
-4.73	2.7023
-4.72	2.6758
-4.71	7.2111
-4.7	2.9244
-4.69	2.04623
-4.68	2.0637
-4.67	2.15918
-4.66	2.24593
-4.65	2.33275
-4.64	2.40962
-4.63	2.48233
-4.62	2.54761
-4.61	2.61154
-4.6	2.66888
-4.59	2.71656
-4.58	3.65028
-4.57	7.4227
-4.56	11.36
-4.55	13.4729
-4.54	13.9683
-4.53	13.9785
-4.52	12.9334
-4.51	11.6446
-4.5	12.02
-4.49	16.9707
-4.48	17.4038
-4.47	17.2452
-4.46	10.9761
-4.45	10.5242
-4.44	9.7718
-4.43	9.0078
-4.42	8.228
-4.41	7.44243
-4.4	7.05695
-4.39	6.73705
-4.38	6.10188
-4.37	5.49706
-4.36	4.99179
-4.35	4.8043
-4.34	4.64655
-4.33	4.49095
-4.32	5.1509
-4.31	5.93553
-4.3	6.63316
-4.29	7.6359
-4.28	8.8738
-4.27	10.1179
-4.26	9.5536
-4.25	18.0912
-4.24	16.1554
-4.23	13.845
-4.22	10.5121
-4.21	5.9474
-4.2	13.6874
-4.19	6.22326
-4.18	3.15451
-4.17	3.97514
-4.16	5.32605
-4.15	6.87568
-4.14	8.55788
-4.13	10.37928
-4.12	12.95889
-4.11	11.07398
-4.1	10.16322
-4.09	11.28885
-4.08	12.50382
-4.07	6.18173
-4.06	5.79642
-4.05	5.42281
-4.04	5.15432
-4.03	5.00505
-4.02	4.8652
-4.01	4.9083
-4	7.6714
-3.99	8.6261
-3.98	13.3124
-3.97	10.9777
-3.96	8.8395
-3.95	6.96811
-3.94	5.36958
-3.93	8.71593
-3.92	18.19452
-3.91	15.50565
-3.9	8.18679
-3.89	8.45881
-3.88	8.73938
-3.87	9.16191
-3.86	9.61776
-3.85	10.07807
-3.84	10.52521
-3.83	8.97182
-3.82	7.47405
-3.81	8.01425
-3.8	8.11257
-3.79	15.091
-3.78	9.6518
-3.77	2.76741
-3.76	2.64343
-3.75	2.98498
-3.74	3.21331
-3.73	3.29258
-3.72	3.21943
-3.71	3.00776
-3.7	3.19719
-3.69	3.64257
-3.68	4.06181
-3.67	6.08993
-3.66	8.23334
-3.65	10.74133
-3.64	12.07653
-3.63	11.73388
-3.62	9.55711
-3.61	9.1493
-3.6	8.489008
-3.59	7.879643
-3.58	7.308787
-3.57	6.203495
-3.56	3.018349
-3.55	3.13517
-3.54	5.35717
-3.53	6.66344
-3.52	8.00648
-3.51	8.51631
-3.5	8.64058
-3.49	8.71035
-3.48	8.7205
-3.47	8.65612
-3.46	8.53215
-3.45	8.32649
-3.44	8.14913
-3.43	25.9569
-3.42	4.00518
-3.41	3.45216
-3.4	3.33888
-3.39	3.21879
-3.38	2.71599
-3.37	2.66742
-3.36	2.61664
-3.35	2.56486
-3.34	2.51071
-3.33	2.45458
-3.32	2.39615
-3.31	2.33591
-3.3	2.79256
-3.29	2.84423
-3.28	2.82931
-3.27	6.75589
-3.26	6.83994
-3.25	11.25484
-3.24	12.36642
-3.23	11.60135
-3.22	10.78355
-3.21	9.97917
-3.2	9.47594
-3.19	8.92159
-3.18	8.36749
-3.17	7.819598
-3.16	7.161836
-3.15	5.696186
-3.14	3.975879
-3.13	2.484403
-3.12	1.247659
-3.11	1.342435
-3.1	1.737611
-3.09	2.48302
-3.08	3.51548
-3.07	4.83619
-3.06	6.47014
-3.05	7.63324
-3.04	5.10058
-3.03	4.95491
-3.02	4.8938
-3.01	6.59647
-3	14.13774
-2.99	4.91447
-2.98	4.90567
-2.97	4.8346
-2.96	4.65521
-2.95	4.35046
-2.94	3.76804
-2.93	3.78041
-2.92	4.06904
-2.91	4.34275
-2.9	4.61285
-2.89	4.86308
-2.88	5.10749
-2.87	5.34695
-2.86	5.60036
-2.85	6.27186
-2.84	6.8254
-2.83	7.503026
-2.82	8.786803
-2.81	9.984662
-2.8	8.598475
-2.79	9.539982
-2.78	5.424269
-2.77	5.276692
-2.76	5.138153
-2.75	5.002634
-2.74	4.867153
-2.73	4.739701
-2.72	4.622275
-2.71	4.501686
-2.7	4.379527
-2.69	4.276696
-2.68	4.37131
-2.67	4.808772
-2.66	5.322391
-2.65	5.359942
-2.64	5.34557
-2.63	5.358299
-2.62	5.401137
-2.61	5.464275
-2.6	5.558823
-2.59	5.697668
-2.58	5.868626
-2.57	5.7520454
-2.56	5.0757732
-2.55	4.3880032
-2.54	3.7068334
-2.53	3.6567842
-2.52	3.7455914
-2.51	3.8392979
-2.5	3.9308054
-2.49	4.0427163
-2.48	4.1572305
-2.47	4.2682451
-2.46	4.3904606
-2.45	4.356159
-2.44	4.4119735
-2.43	4.5168932
-2.42	4.6496233
-2.41	4.7709539
-2.4	4.8879853
-2.39	5.0025169
-2.38	5.1166501
-2.37	5.1509552
-2.36	5.1251472
-2.35	4.9875789
-2.34	4.9779319
-2.33	9.6836136
-2.32	3.7108498
-2.31	3.6744093
-2.3	3.6658722
-2.29	3.6607351
-2.28	3.6725966
-2.27	3.6991582
-2.26	4.4921844
-2.25	4.4246744
-2.24	4.3824613
-2.23	4.3656443
-2.22	5.3979091
-2.21	5.4730317
-2.2	4.6458316
-2.19	4.3344731
-2.18	3.1920789
-2.17	2.2978939
-2.16	2.1310478
-2.15	1.9585113
-2.14	1.7801476
-2.13	1.6051586
-2.12	1.4465723
-2.11	1.6493824
-2.1	8.173963
-2.09	1.7344908
-2.08	2.3091011
-2.07	2.8690106
-2.06	3.6825606
-2.05	4.1148682
-2.04	4.4809933
-2.03	4.7777327
-2.02	7.629319
-2.01	6.3729468
-2	5.6813464
-1.99	5.735829
-1.98	7.008491
-1.97	10.816752
-1.96	11.650116
-1.95	3.825791
-1.94	2.9297721
-1.93	3.1832611
-1.92	2.5748053
-1.91	2.9369518
-1.9	4.8817878
-1.89	4.85379
-1.88	4.7975012
-1.87	8.407389
-1.86	2.8888004
-1.85	3.7162894
-1.84	5.5200962
-1.83	4.8892059
-1.82	4.3030848
-1.81	3.4801494
-1.8	2.7112042
-1.79	2.0423303
-1.78	1.6330489
-1.77	1.3342489
-1.76	1.1394537
-1.75	1.0490494
-1.74	1.03473682
-1.73	0.99411174
-1.72	1.10100346
-1.71	1.2856702
-1.7	2.1609499
-1.69	3.29315149
-1.68	2.90448534
-1.67	3.42396294
-1.66	5.581784
-1.65	2.9185469
-1.64	2.5225682
-1.63	2.6196062
-1.62	3.036145
-1.61	3.4803503
-1.6	3.3382957
-1.59	3.3635782
-1.58	3.4730828
-1.57	3.095373
-1.56	2.8517994
-1.55	2.8052513
-1.54	2.7674025
-1.53	2.7422529
-1.52	2.7211027
-1.51	2.7063525
-1.5	2.6942008
-1.49	3.3203629
-1.48	1.41730138
-1.47	1.56052332
-1.46	2.2222265
-1.45	2.3969643
-1.44	1.914174
-1.43	1.5897007
-1.42	1.7336565
-1.41	2.6487881
-1.4	1.49139623
-1.39	1.58321284
-1.38	1.65203179
-1.37	1.69986231
-1.36	3.31048696
-1.35	2.93388979
-1.34	2.56297369
-1.33	2.21806705
-1.32	1.8654539
-1.31	1.52080089
-1.3	1.18136835
-1.29	0.84859716
-1.28	0.6259464
-1.27	0.58074721
-1.26	0.54143683
-1.25	0.50876618
-1.24	0.48354521
-1.23	0.46422274
-1.22	0.59203613
-1.21	0.74704498
-1.2	0.90871784
-1.19	1.07533249
-1.18	1.08297819
-1.17	1.259641
-1.16	1.515743
-1.15	4.135701
-1.14	0.8000071
-1.13	0.7565763
-1.12	0.6597906
-1.11	0.5324593
-1.1	0.5326702
-1.09	0.5297171
-1.08	0.5243505
-1.07	0.5161595
-1.06	0.5040944
-1.05	0.4897056
-1.04	0.4727329
-1.03	0.4528366
-1.02	0.4298461
-1.01	0.4344084
-1	0.4440007
-0.99	0.454294
-0.98	0.4637488
-0.97	0.4729643
-0.96	0.4823214
-0.95	0.3833763
-0.94	0.3363854
-0.93	0.3556185
-0.92	0.4442392
-0.91	0.6007868
-0.9	0.8696086
-0.89	1.9761909
-0.88	0.5247712
-0.87	0.2889009
-0.86	1.6790993
-0.85	0.7853123
-0.84	0.7141025
-0.83	0.6456212
-0.82	0.5773178
-0.81	0.510542
-0.8	0.4445648
-0.79	0.37953531
-0.78	0.31593121
-0.77	0.26598943
-0.76	0.28955537
-0.75	0.32331565
-0.74	0.34828266
-0.73	0.37324139
-0.72	0.39758704
-0.71	0.42158533
-0.7	0.44572104
-0.69	0.46958537
-0.68	0.49546443
-0.67	0.521009
-0.66	0.5462928
-0.65	0.5723361
-0.64	0.5980389
-0.63	0.33432978
-0.62	0.33195635
-0.61	0.32980289
-0.6	0.32674909
-0.59	0.32446527
-0.58	0.32230171
-0.57	0.31987843
-0.56	0.31758609
-0.55	0.31128949
-0.54	0.30348311
-0.53	0.29461192
-0.52	0.28469114
-0.51	0.27564116
-0.5	0.26625219
-0.49	0.25774334
-0.48	0.24863559
-0.47	0.23975954
-0.46	0.23131291
-0.45	0.22226498
-0.44	0.21370286
-0.43	0.20504875
-0.42	0.19642845
-0.41	0.19065001
-0.4	0.18790004
-0.39	0.18489476
-0.38	0.18216587
-0.37	0.17940167
-0.36	0.17663507
-0.35	0.17400296
-0.34	0.17126185
-0.33	0.16858872
-0.32	0.16594829
-0.31	0.16330095
-0.3	0.1606939
-0.29	0.15809755
-0.28	0.15523199
-0.27	0.152693721
-0.26	0.123076867
-0.25	0.116015193
-0.24	0.108978522
-0.23	0.102080855
-0.22	0.095401741
-0.21	0.08880762
-0.2	0.082453502
-0.19	0.076219478
-0.18	0.070168987
-0.17	0.064298199
-0.16	0.058573385
-0.15	0.053038504
-0.14	0.047697656
-0.13	0.042459412
-0.12	0.037438231
-0.11	0.032524093
-0.1	0.0278553883
-0.09	0.0233084772
-0.08	0.0189340894
-0.07	0.0147170149
-0.06	0.0106836717
-0.05	0.00680956282
-0.04	0.00309814627
-0.03	0
-0.02	0
-0.01	0
0	0
0.01	0
0.02	0
0.03	0
0.04	0
0.05	0
0.06	0
0.07	0.0012702074
0.08	0.00770869
0.09	0.014105718
0.1	0.022868338
0.11	0.03525169
0.12	0.0479833
0.13	0.06081284
0.14	0.07360031
0.15	0.08642888
0.16	0.09945234
0.17	0.1123947
0.18	0.125384
0.19	0.1385237
0.2	0.1513267
0.21	0.164658
0.22	0.1775683
0.23	0.1909973
0.24	0.2044745
0.25	0.2178385
0.26	0.2308911
0.27	0.4791581
0.28	0.5040748
0.29	0.567413
0.3	0.6069072
0.31	0.6464579
0.32	0.6880068
0.33	0.8378338
0.34	1.9145832
0.35	3.632004
0.36	5.408929
0.37	2.822579
0.38	2.827755
0.39	2.813828
0.4	1.824062
0.41	0.5082935
0.42	0.5434517
0.43	2.2851062
0.44	2.8764475
0.45	3.8455188
0.46	9.745715
0.47	0.05948
0.48	0.0625678
0.49	0.0656605
0.5	0.0689056
0.51	0.0722181
0.52	0.0755153
0.53	0.0789313
0.54	0.0824187
0.55	0.0859899
0.56	0.0897128
0.57	0.0933573
0.58	0.457395
0.59	0.8887985
0.6	1.753139
0.61	3.152968
0.62	7.09209
0.63	12.0926
0.64	4.337381
0.65	3.912156
0.66	3.372801
0.67	5.417413
0.68	5.186993
0.69	4.4134472
0.7	3.909326
0.71	3.5157632
0.72	2.9849279
0.73	2.9504891
0.74	3.4155752
0.75	5.1341622
0.76	6.0508463
0.77	1.1430049
0.78	0.1227192
0.79	0.1223665
0.8	0.1221305
0.81	0.1219672
0.82	0.1216315
0.83	0.1214585
0.84	0.1211522
0.85	0.1210367
0.86	0.1207934
0.87	0.1206376
0.88	0.1204825
0.89	0.1204258
0.9	0.1203491
0.91	0.1201854
0.92	0.1198196
0.93	0.1197708
0.94	0.1198556
0.95	0.1197698
0.96	0.1195845
0.97	0.1195263
0.98	0.1194757
0.99	0.1194616
1	0.1194345
1.01	0.1193805
1.02	0.1193834
1.03	0.1194703
1.04	0.1194362
1.05	0.1195361
1.06	0.119569
1.07	0.1748573
1.08	0.554902
1.09	1.148349
1.1	0.456886
1.11	0.494509
1.12	0.531043
1.13	0.585568
1.14	0.644525
1.15	1.003954
1.16	1.725227
1.17	2.66658
1.18	3.82729
1.19	5.20157
1.2	6.7941
1.21	4.185792
1.22	4.249122
1.23	4.262323
1.24	3.629911
1.25	2.502313
1.26	1.733903
1.27	1.901305
1.28	2.09007
1.29	2.31662
1.3	2.58986
1.31	2.67456
1.32	2.41196
1.33	2.83718
1.34	3.19269
1.35	3.26046
1.36	3.320712
1.37	3.369559
1.38	3.404263
1.39	3.433061
1.4	3.477029
1.41	3.50504
1.42	3.521302
1.43	3.527426
1.44	4.736001
1.45	4.770866
1.46	4.692076
1.47	4.504285
1.48	4.200014
1.49	3.728732
1.5	3.19878
1.51	3.285977
1.52	6.46645
1.53	5.45732
1.54	4.55706
1.55	3.766327
1.56	3.961902
1.57	4.51937
1.58	5.79815
1.59	4.66351
1.6	5.54593
1.61	6.54669
1.62	6.79379
1.63	6.0394
1.64	5.3265
1.65	4.65235
1.66	3.9011
1.67	4.1471
1.68	3.53143
1.69	4.16073
1.7	4.66987
1.71	5.05999
1.72	14.71774
1.73	1.43156
1.74	4.15184
1.75	3.80588
1.76	3.43428
1.77	3.03431
1.78	2.67562
1.79	2.40707
1.8	6.24115
1.81	2.88162
1.82	2.77035
1.83	2.8206
1.84	2.921
1.85	3.05891
1.86	3.39069
1.87	3.81619
1.88	4.18395
1.89	4.70088
1.9	6.7299
1.91	8.803
1.92	10.587
1.93	9.576
1.94	10.471
1.95	12.046
1.96	13.367
1.97	14.451
1.98	9.201
1.99	11.426
2	10.192
2.01	9.294
2.02	5.5991
2.03	4.9575
2.04	7.6805
2.05	9.4245
2.06	8.0655
2.07	6.7545
2.08	5.9349
2.09	5.3147
2.1	4.7562
2.11	4.38181
2.12	5.71417
2.13	4.33283
2.14	3.26777
2.15	2.51956
2.16	2.25402
2.17	2.26791
2.18	2.30709
2.19	4.55027
2.2	5.52613
2.21	7.52287
2.22	10.5129
2.23	4.01308
2.24	3.872
2.25	8.30557
2.26	6.64996
2.27	4.86939
2.28	4.76734
2.29	4.94669
2.3	5.13619
2.31	4.26673
2.32	4.22193
2.33	4.155
2.34	4.0653
2.35	3.9934
2.36	3.93166
2.37	3.88952
2.38	3.87709
2.39	3.8555
2.4	3.819
2.41	3.773
2.42	3.2469
2.43	3.2828
2.44	3.2888
2.45	3.2607
2.46	3.2036
2.47	8.4633
2.48	7.2061
2.49	5.937
2.5	4.6432
2.51	3.3254
2.52	1.9912
2.53	1.6068
2.54	1.26642
2.55	0.94871
2.56	0.77719
2.57	0.59984
2.58	0.41791
2.59	0.229969
2.6	0.0369117
2.61	0
 
