-15.23	0
-15.22	0.085544151
-15.21	0.170023734
-15.2	0.123942159
-15.19	0.129998596
-15.18	0.136144709
-15.17	0.142000945
-15.16	0.14781724
-15.15	0.15358355
-15.14	0.15529688
-15.13	0.14620103
-15.12	0.13723489
-15.11	0.1321316
-15.1	0.13447533
-15.09	0.13684849
-15.08	0.13900157
-15.07	0.1412747
-15.06	0.14346732
-15.05	0.14548046
-15.04	0.14766372
-15.03	0.14959343
-15.02	0.29648336
-15.01	0.2349374
-15	0.17400277
-14.99	0.11453377
-14.98	0.06178113
-14.97	0.053034144
-14.96	0.044372161
-14.95	0.040744102
-14.94	0.044104944
-14.93	0.0474037
-14.92	0.05063426
-14.91	0.053766733
-14.9	0.06148575
-14.89	0.07226293
-14.88	0.08278904
-14.87	0.17449214
-14.86	0.40705244
-14.85	0.08721827
-14.84	0.08779865
-14.83	0.08824595
-14.82	0.08873625
-14.81	0.08917641
-14.8	0.08961341
-14.79	0.09004636
-14.78	0.09048013
-14.77	0.09085991
-14.76	0.09131563
-14.75	0.09186149
-14.74	0.09234018
-14.73	0.09285587
-14.72	0.09335531
-14.71	0.09379479
-14.7	0.09414416
-14.69	0.09461441
-14.68	0.0950005
-14.67	0.12833973
-14.66	0.12205008
-14.65	0.11577243
-14.64	0.10958373
-14.63	0.10421722
-14.62	0.09973729
-14.61	0.09530245
-14.6	0.09536265
-14.59	0.09571426
-14.58	0.09611284
-14.57	0.09650844
-14.56	0.09678402
-14.55	0.09712251
-14.54	0.09745502
-14.53	0.09775054
-14.52	0.09798503
-14.51	0.07990851
-14.5	0.07975145
-14.49	0.07971536
-14.48	0.07946323
-14.47	0.07929009
-14.46	0.07910592
-14.45	0.07480317
-14.44	0.07361347
-14.43	0.07241482
-14.42	0.0741013
-14.41	0.07343278
-14.4	0.07287027
-14.39	0.0721678
-14.38	0.07161528
-14.37	0.0709157
-14.36	0.07030924
-14.35	0.06977468
-14.34	0.0837218
-14.33	0.12283827
-14.32	0.11540143
-14.31	0.10817379
-14.3	0.10099924
-14.29	0.09397688
-14.28	0.08709767
-14.27	0.08030462
-14.26	0.07367767
-14.25	0.06708195
-14.24	0.06066835
-14.23	0.05428192
-14.22	0.04828992
-14.21	0.04473472
-14.2	0.04304272
-14.19	0.04138271
-14.18	0.04150781
-14.17	0.10005291
-14.16	0.08578292
-14.15	0.07181515
-14.14	0.05805666
-14.13	0.04459144
-14.12	0.03131155
-14.11	0.03400073
-14.1	0.03990186
-14.09	0.04566383
-14.08	0.05132858
-14.07	0.05690627
-14.06	0.06231177
-14.05	0.0676321
-14.04	0.07281528
-14.03	0.07785339
-14.02	0.08292333
-14.01	0.0499158
-14	0.04281895
-13.99	0.04275197
-13.98	0.04273798
-13.97	0.04265391
-13.96	0.04257586
-13.95	0.0425268
-13.94	0.04241169
-13.93	0.04229761
-13.92	0.04222255
-13.91	0.04208144
-13.9	0.04199137
-13.89	0.0419062
-13.88	0.04172607
-13.87	0.06206872
-13.86	0.12618976
-13.85	0.18883736
-13.84	0.04430339
-13.83	0.04387896
-13.82	0.04347656
-13.81	0.04307407
-13.8	0.04267169
-13.79	0.04229225
-13.78	0.04190887
-13.77	0.04154341
-13.76	0.0417378
-13.75	0.04210936
-13.74	0.04249794
-13.73	0.04287047
-13.72	0.04322894
-13.71	0.04355541
-13.7	0.0438719
-13.69	0.04421534
-13.68	0.04447172
-13.67	0.04478318
-13.66	0.04506453
-13.65	0.04530791
-13.64	0.0452549
-13.63	0.04519981
-13.62	0.04538406
-13.61	0.04585675
-13.6	0.04635939
-13.59	0.04679299
-13.58	0.0472836
-13.57	0.04768516
-13.56	0.04813581
-13.55	0.04853135
-13.54	0.04887186
-13.53	0.0582178
-13.52	0.04935429
-13.51	0.040544
-13.5	0.03186285
-13.49	0.023438065
-13.48	0.015645436
-13.47	0.03177091
-13.46	0.04790288
-13.45	0.04866894
-13.44	0.04502743
-13.43	0.0414659
-13.42	0.03793749
-13.41	0.0345001
-13.4	0.03111718
-13.39	0.02783139
-13.38	0.012968456
-13.37	0.013270866
-13.36	0.013573954
-13.35	0.013874703
-13.34	0.014155151
-13.33	0.014429327
-13.32	0.014686814
-13.31	0.014935985
-13.3	0.015186864
-13.29	0.015417731
-13.28	0.015618955
-13.27	0.015851585
-13.26	0.016068905
-13.25	0.016268168
-13.24	0.016395151
-13.23	0.04175636
-13.22	0.04155604
-13.21	0.04130076
-13.2	0.04101935
-13.19	0.04079388
-13.18	0.04050448
-13.17	0.03247041
-13.16	0.021017323
-13.15	0.016334398
-13.14	0.020527232
-13.13	0.024732058
-13.12	0.02904736
-13.11	0.03337359
-13.1	0.03781339
-13.09	0.04218939
-13.08	0.09588886
-13.07	0.05179013
-13.06	0.03391623
-13.05	0.03099555
-13.04	0.027976772
-13.03	0.024944117
-13.02	0.022118866
-13.01	0.019255303
-13	0.016453435
-12.99	0.013847432
-12.98	0.013794049
-12.97	0.013830086
-12.96	0.013873407
-12.95	0.014708332
-12.94	0.015582999
-12.93	0.016566183
-12.92	0.017594113
-12.91	0.018631099
-12.9	0.0196807
-12.89	0.02079912
-12.88	0.02188177
-12.87	0.02298922
-12.86	0.02411329
-12.85	0.02532073
-12.84	0.02647469
-12.83	0.02771443
-12.82	0.02245506
-12.81	0.02176522
-12.8	0.02144311
-12.79	0.04481238
-12.78	0.01922462
-12.77	0.01725301
-12.76	0.01698065
-12.75	0.01674041
-12.74	0.01651197
-12.73	0.016167682
-12.72	0.015841342
-12.71	0.015574062
-12.7	0.01523081
-12.69	0.014896567
-12.68	0.014545015
-12.67	0.014152174
-12.66	0.013739795
-12.65	0.013381569
-12.64	0.013298611
-12.63	0.013197292
-12.62	0.013115635
-12.61	0.013013889
-12.6	0.012929492
-12.59	0.012826346
-12.58	0.01624335
-12.57	0.01615827
-12.56	0.01607637
-12.55	0.0160105
-12.54	0.01592898
-12.53	0.01583652
-12.52	0.01575666
-12.51	0.01565383
-12.5	0.01555096
-12.49	0.01543884
-12.48	0.01532666
-12.47	0.01527627
-12.46	0.01533108
-12.45	0.02163758
-12.44	0.02824396
-12.43	0.03521334
-12.42	0.02665101
-12.41	0.02268949
-12.4	0.01900697
-12.39	0.01552447
-12.38	0.01461924
-12.37	0.012277139
-12.36	0.010135484
-12.35	0.008681558
-12.34	0.007691534
-12.33	0.000501181500027
-12.32	0.000723071484
-12.31	0.0014931533
-12.3	0.002419164
-12.29	0.003976313
-12.28	0.005473725
-12.27	0.006930329
-12.26	0.009056047
-12.25	0.011351552
-12.24	0.013597329
-12.23	0.015804471
-12.22	0.019543658
-12.21	0.02668775
-12.2	0.019426252
-12.19	0.018601782
-12.18	0.017734807
-12.17	0.016808819
-12.16	0.015858267
-12.15	0.015144148
-12.14	0.016054815
-12.13	0.0169728
-12.12	0.01785335
-12.11	0.0148519
-12.1	0.01445346
-12.09	0.0244275
-12.08	0.02102321
-12.07	0.009988358
-12.06	0.009180229
-12.05	0.008374138
-12.04	0.00756971
-12.03	0.006774238
-12.02	0.005976004
-12.01	0.005192904
-12	0.004467846
-11.99	0.004239934
-11.98	0.00401691
-11.97	0.003816127
-11.96	0.003640575
-11.95	0.00373239
-11.94	0.004310918
-11.93	0.005062952
-11.92	0.005924497
-11.91	0.006887629
-11.9	0.00795912
-11.89	0.009139095
-11.88	0.004775891
-11.87	0.00487855
-11.86	0.004969698
-11.85	0.005053185
-11.84	0.00510493
-11.83	0.00545124
-11.82	0.005487028
-11.81	0.005239558
-11.8	0.004991314
-11.79	0.004745657
-11.78	0.004507397
-11.77	0.004267233
-11.76	0.004037785
-11.75	0.003810325
-11.74	0.003638251
-11.73	0.003583133
-11.72	0.003518348
-11.71	0.003454201
-11.7	0.003392288
-11.69	0.003337271
-11.68	0.003283963
-11.67	0.003227565
-11.66	0.004468202
-11.65	0.003586013
-11.64	0.0027257741
-11.63	0.0018926959
-11.62	0.0010836965
-11.61	0.00029776912
-11.6	0
-11.59	0
-11.58	0
-11.57	0
-11.56	0
-11.55	0
-11.54	0
-11.53	0
-11.52	0
-11.51	0
-11.5	0
-11.49	0
-11.48	0
-11.47	0
-11.46	0
-11.45	0
-11.44	0
-11.43	0
-11.42	0
-11.41	0
-11.4	0
-11.39	0
-11.38	0
-11.37	0
-11.36	0
-11.35	0
-11.34	0
-11.33	0
-11.32	0
-11.31	1.475009
-11.3	4.4701
-11.29	7.46379
-11.28	4.866217
-11.27	5.108333
-11.26	5.352658
-11.25	5.601687
-11.24	5.847933
-11.23	6.096593
-11.22	6.342566
-11.21	6.219534
-11.2	5.922224
-11.19	5.630595
-11.18	5.509939
-11.17	5.618712
-11.16	5.732489
-11.15	5.85127
-11.14	5.961761
-11.13	6.074247
-11.12	6.188844
-11.11	6.301151
-11.1	6.419451
-11.09	6.529172
-11.08	12.82781
-11.07	10.73614
-11.06	8.637453
-11.05	6.543669
-11.04	4.453784
-11.03	2.653179
-11.02	2.352855
-11.01	2.107763
-11	2.27403
-10.99	2.445206
-10.98	2.618386
-10.97	2.790374
-10.96	2.958765
-10.95	3.128065
-10.94	3.357016
-10.93	3.82896
-10.92	7.090078
-10.91	13.58643
-10.9	20.16689
-10.89	4.472137
-10.88	4.531081
-10.87	4.584323
-10.86	4.649565
-10.85	4.710813
-10.84	4.762959
-10.83	4.820513
-10.82	4.876766
-10.81	4.945221
-10.8	4.999777
-10.79	5.062864
-10.78	5.138968
-10.77	5.210875
-10.76	5.288283
-10.75	5.358491
-10.74	5.431003
-10.73	5.506316
-10.72	5.570424
-10.71	5.648268
-10.7	5.719579
-10.69	8.0018
-10.68	7.66434
-10.67	7.32894
-10.66	6.99842
-10.65	6.66442
-10.64	6.40961
-10.63	6.15681
-10.62	6.17583
-10.61	6.25511
-10.6	6.33592
-10.59	6.41606
-10.58	6.49427
-10.57	6.57389
-10.56	6.65849
-10.55	6.73504
-10.54	6.81408
-10.53	6.89166
-10.52	6.97771
-10.51	5.66663
-10.5	5.70299
-10.49	5.74093
-10.48	5.77997
-10.47	5.8168
-10.46	5.85671
-10.45	5.82291
-10.44	5.64528
-10.43	5.61437
-10.42	5.63505
-10.41	5.74158
-10.4	5.74668
-10.39	5.75704
-10.38	5.76935
-10.37	5.77698
-10.36	5.78912
-10.35	5.79514
-10.34	5.80676
-10.33	7.04488
-10.32	10.33071
-10.31	9.84417
-10.3	9.36129
-10.29	8.87847
-10.28	8.39038
-10.27	7.91126
-10.26	7.42993
-10.25	6.94383
-10.24	6.46415
-10.23	5.9759
-10.22	5.49822
-10.21	5.010815
-10.2	4.547309
-10.19	4.225437
-10.18	4.113171
-10.17	4.127169
-10.16	4.186071
-10.15	4.274209
-10.14	10.65447
-10.13	9.12173
-10.12	7.58066
-10.11	6.032595
-10.1	4.488651
-10.09	3.310505
-10.08	3.877695
-10.07	4.584446
-10.06	5.284826
-10.05	5.99189
-10.04	6.69375
-10.03	7.40409
-10.02	8.10208
-10.01	8.80623
-10	9.50438
-9.99	10.21755
-9.98	5.23906
-9.97	5.2803
-9.96	5.32386
-9.95	5.3645
-9.94	5.40576
-9.93	5.44638
-9.92	5.49123
-9.91	5.53538
-9.9	5.57703
-9.89	5.61952
-9.88	5.66238
-9.87	5.6995
-9.86	5.74237
-9.85	5.78927
-9.84	5.83033
-9.83	5.86813
-9.82	6.7814
-9.81	18.2536
-9.8	29.717
-9.79	6.64548
-9.78	6.66819
-9.77	6.69051
-9.76	6.71523
-9.75	6.74195
-9.74	6.75972
-9.73	6.78958
-9.72	6.87735
-9.71	6.96691
-9.7	7.06356
-9.69	7.14551
-9.68	7.23767
-9.67	7.32815
-9.66	7.40899
-9.65	7.50779
-9.64	7.59762
-9.63	7.63578
-9.62	7.6658
-9.61	7.81102
-9.6	7.96242
-9.59	8.12335
-9.58	8.27623
-9.57	8.43419
-9.56	8.58212
-9.55	8.73601
-9.54	8.89495
-9.53	9.05188
-9.52	9.21184
-9.51	9.36579
-9.5	9.54487
-9.49	10.23063
-9.48	10.92241
-9.47	11.61015
-9.46	12.30189
-9.45	16.54407
-9.44	7.77643
-9.43	8.47877
-9.42	10.0412
-9.41	12.17978
-9.4	14.31592
-9.39	7.97087
-9.38	8.78979
-9.37	9.61375
-9.36	12.03262
-9.35	11.1791
-9.34	10.48745
-9.33	9.86412
-9.32	9.24175
-9.31	8.61545
-9.3	8.00039
-9.29	7.39525
-9.28	6.78902
-9.27	6.18095
-9.26	5.58482
-9.25	5.09578
-9.24	4.81444
-9.23	5.09355
-9.22	6.20948
-9.21	7.33348
-9.2	8.61633
-9.19	10.28794
-9.18	12.30855
-9.17	14.18746
-9.16	15.92652
-9.15	12.98341
-9.14	13.97003
-9.13	14.82171
-9.12	15.53359
-9.11	16.1087
-9.1	13.79426
-9.09	1.30959
-9.08	0.1660013
-9.07	0.3018983
-9.06	0.454927
-9.05	0.927385
-9.04	1.355606
-9.03	1.867735
-9.02	2.442169
-9.01	2.907179
-9	3.235846
-8.99	3.43056
-8.98	3.48019
-8.97	3.38373
-8.96	3.142243
-8.95	2.761232
-8.94	2.237309
-8.93	1.563393
-8.92	0.744786
-8.91	0.486898
-8.9	0.565362
-8.89	0.649636
-8.88	0.74072
-8.87	0.872806
-8.86	1.058473
-8.85	1.295465
-8.84	1.58425
-8.83	1.844033
-8.82	2.207414
-8.81	2.62432
-8.8	3.077732
-8.79	3.5854
-8.78	4.1517
-8.77	4.76516
-8.76	5.43824
-8.75	4.72273
-8.74	3.164302
-8.73	2.845515
-8.72	2.556854
-8.71	2.298158
-8.7	2.070066
-8.69	1.878691
-8.68	1.719419
-8.67	1.589633
-8.66	1.491147
-8.65	1.42475
-8.64	1.376854
-8.63	1.328766
-8.62	1.281674
-8.61	1.234986
-8.6	1.749345
-8.59	1.535984
-8.58	1.299835
-8.57	1.092619
-8.56	0.972276
-8.55	0.85192
-8.54	0.765744
-8.53	0.712344
-8.52	0.658932
-8.51	0.604579
-8.5	0.559048
-8.49	0.523973
-8.48	0.489619
-8.47	0.453799
-8.46	0.417269
-8.45	0.380644
-8.44	0.3434384
-8.43	0.3006647
-8.42	0.2985419
-8.41	0.3015022
-8.4	0.3043867
-8.39	0.3079511
-8.38	0.3125934
-8.37	0.3172019
-8.36	1.458875
-8.35	9.933699
-8.34	0.1661201
-8.33	0.1769697
-8.32	0.1882329
-8.31	0.2000791
-8.3	0.2123687
-8.29	0.2248799
-8.28	0.2378418
-8.27	0.251843
-8.26	0.265674
-8.25	0.2803086
-8.24	0.3730166
-8.23	0.3895246
-8.22	0.4054472
-8.21	0.4200895
-8.2	0.433508
-8.19	0.445724
-8.18	0.456228
-8.17	0.466476
-8.16	0.901808
-8.15	0.865184
-8.14	0.827347
-8.13	0.788307
-8.12	0.748363
-8.11	0.707191
-8.1	0.665794
-8.09	0.622684
-8.08	0.578545
-8.07	0.534271
-8.06	0.488782
-8.05	0.442231
-8.04	0.397049
-8.03	0.351632
-8.02	0.3062365
-8.01	0.431124
-8	1.151031
-7.99	2.487265
-7.98	4.44014
-7.97	7.00846
-7.96	10.05631
-7.95	5.44465
-7.94	4.29823
-7.93	3.47755
-7.92	2.95367
-7.91	2.722061
-7.9	2.73707
-7.89	2.77979
-7.88	2.83205
-7.87	2.88935
-7.86	2.95432
-7.85	3.02975
-7.84	3.10391
-7.83	3.19408
-7.82	3.28794
-7.81	3.38183
-7.8	3.49177
-7.79	3.7483
-7.78	4.12305
-7.77	4.48745
-7.76	4.83947
-7.75	5.1899
-7.74	5.54031
-7.73	5.87764
-7.72	6.20091
-7.71	6.53114
-7.7	6.84931
-7.69	6.93515
-7.68	7.14255
-7.67	7.342
-7.66	6.99206
-7.65	7.34462
-7.64	7.51261
-7.63	7.469
-7.62	7.25191
-7.61	6.86751
-7.6	10.62884
-7.59	18.65715
-7.58	7.54015
-7.57	7.58285
-7.56	7.63759
-7.55	7.6413
-7.54	7.61201
-7.53	7.54656
-7.52	8.16215
-7.51	8.78493
-7.5	9.40954
-7.49	10.02519
-7.48	7.18591
-7.47	7.4184
-7.46	7.62485
-7.45	7.80408
-7.44	7.97524
-7.43	8.1133
-7.42	8.22621
-7.41	8.33406
-7.4	8.40076
-7.39	8.83905
-7.38	9.21198
-7.37	9.47522
-7.36	9.61055
-7.35	9.59299
-7.34	9.45458
-7.33	9.18425
-7.32	8.76809
-7.31	8.14917
-7.3	7.31335
-7.29	14.15778
-7.28	13.29945
-7.27	11.00958
-7.26	7.74871
-7.25	3.83625
-7.24	3.62853
-7.23	3.54793
-7.22	3.45656
-7.21	3.34704
-7.2	3.22138
-7.19	3.07233
-7.18	2.90538
-7.17	11.38928
-7.16	10.20587
-7.15	9.07785
-7.14	8.00738
-7.13	6.99537
-7.12	6.20314
-7.11	5.66165
-7.1	5.20486
-7.09	4.82459
-7.08	4.53208
-7.07	4.31942
-7.06	4.18374
-7.05	4.13869
-7.04	4.10833
-7.03	4.08502
-7.02	4.06456
-7.01	4.04342
-7	4.02974
-6.99	4.0159
-6.98	3.99734
-6.97	3.98713
-6.96	3.9892
-6.95	4.21374
-6.94	4.84204
-6.93	7.01986
-6.92	10.89807
-6.91	15.98021
-6.9	3.65941
-6.89	3.79377
-6.88	3.92241
-6.87	4.05761
-6.86	4.18137
-6.85	4.30966
-6.84	3.86655
-6.83	3.98953
-6.82	4.10337
-6.81	4.22722
-6.8	4.3422
-6.79	4.45994
-6.78	4.57988
-6.77	4.69676
-6.76	4.81997
-6.75	4.92911
-6.74	5.04152
-6.73	23.0686
-6.72	17.25089
-6.71	13.6785
-6.7	11.82576
-6.69	9.81423
-6.68	7.48165
-6.67	4.83981
-6.66	3.27912
-6.65	2.95023
-6.64	2.75702
-6.63	2.59956
-6.62	2.483836
-6.61	2.404643
-6.6	2.369478
-6.59	2.379017
-6.58	2.430326
-6.57	2.491905
-6.56	2.556147
-6.55	2.88237
-6.54	2.90966
-6.53	2.93793
-6.52	2.97311
-6.51	3.0152
-6.5	3.05898
-6.49	3.11599
-6.48	3.16757
-6.47	3.23769
-6.46	3.31068
-6.45	3.38693
-6.44	3.46082
-6.43	3.55585
-6.42	3.65013
-6.41	3.75046
-6.4	3.85834
-6.39	3.96547
-6.38	4.0869
-6.37	4.21199
-6.36	4.34041
-6.35	4.47942
-6.34	4.62538
-6.33	4.94695
-6.32	9.90755
-6.31	4.7743
-6.3	7.80453
-6.29	5.50476
-6.28	3.99121
-6.27	3.89883
-6.26	3.69161
-6.25	3.36223
-6.24	2.92362
-6.23	2.364291
-6.22	1.80522
-6.21	1.423644
-6.2	1.328823
-6.19	1.359421
-6.18	1.388306
-6.17	1.415678
-6.16	90.3632
-6.15	2.71648
-6.14	2.32627
-6.13	1.975547
-6.12	1.56513
-6.11	1.268576
-6.1	1.012111
-6.09	0.794924
-6.08	0.616529
-6.07	0.478094
-6.06	0.378913
-6.05	0.31927
-6.04	0.299106
-6.03	0.319533
-6.02	0.35996
-6.01	0.465894
-6	0.665831
-5.99	0.981593
-5.98	1.573988
-5.97	2.65973
-5.96	4.24532
-5.95	6.31462
-5.94	8.86836
-5.93	11.90711
-5.92	5.6329
-5.91	4.96905
-5.9	4.42993
-5.89	4.02243
-5.88	3.73792
-5.87	3.58751
-5.86	3.57413
-5.85	3.73771
-5.84	4.44176
-5.83	5.74999
-5.82	3.33351
-5.81	3.32705
-5.8	3.31992
-5.79	3.31262
-5.78	3.2996
-5.77	3.29208
-5.76	3.27799
-5.75	3.2614
-5.74	3.24682
-5.73	3.22591
-5.72	3.20278
-5.71	3.18217
-5.7	3.15783
-5.69	3.37562
-5.68	3.93106
-5.67	4.38151
-5.66	4.71322
-5.65	4.92912
-5.64	5.02895
-5.63	6.15914
-5.62	7.60564
-5.61	1.137959
-5.6	1.177163
-5.59	1.243433
-5.58	1.313147
-5.57	1.389117
-5.56	1.470024
-5.55	1.503288
-5.54	1.618208
-5.53	1.735018
-5.52	1.852122
-5.51	1.971204
-5.5	2.244496
-5.49	2.329433
-5.48	2.415235
-5.47	2.55119
-5.46	2.62967
-5.45	2.71614
-5.44	2.82867
-5.43	2.9625
-5.42	3.11762
-5.41	3.26813
-5.4	3.4562
-5.39	3.59357
-5.38	3.70034
-5.37	3.85912
-5.36	4.24488
-5.35	4.79883
-5.34	5.17828
-5.33	5.47645
-5.32	5.7537
-5.31	6.0019
-5.3	6.23385
-5.29	6.30798
-5.28	6.14905
-5.27	5.97188
-5.26	5.78048
-5.25	5.5772
-5.24	5.34098
-5.23	5.15562
-5.22	15.27706
-5.21	4.20481
-5.2	4.07322
-5.19	3.92842
-5.18	3.6718
-5.17	3.42367
-5.16	3.15074
-5.15	2.884061
-5.14	2.618184
-5.13	2.352696
-5.12	2.096055
-5.11	1.844827
-5.1	1.597698
-5.09	1.353441
-5.08	1.11356
-5.07	0.877481
-5.06	0.645404
-5.05	0.418502
-5.04	0.336118
-5.03	0.27208
-5.02	0.2277024
-5.01	0.1997116
-5	0.1964974
-4.99	0.1906286
-4.98	0.182339
-4.97	0.1723454
-4.96	0.1618007
-4.95	0.1519257
-4.94	0.1425784
-4.93	0.1338486
-4.92	0.125596
-4.91	0.1180712
-4.9	0.1111336
-4.89	0.1046941
-4.88	0.092098
-4.87	0.0887425
-4.86	0.0853565
-4.85	0.082052
-4.84	0.078837
-4.83	0.0756223
-4.82	0.0724883
-4.81	0.0693434
-4.8	0.0662988
-4.79	0.0633636
-4.78	0.0602292
-4.77	0.0573843
-4.76	0.0545158
-4.75	0.0516092
-4.74	0.0488764
-4.73	0.0461538
-4.72	0.0434328
-4.71	0.1126094
-4.7	0.0536731
-4.69	0.0286682
-4.68	0.0339928
-4.67	0.0577208
-4.66	0.0978961
-4.65	0.1546756
-4.64	0.22802
-4.63	0.318044
-4.62	0.42471
-4.61	0.547397
-4.6	0.686977
-4.59	0.842014
-4.58	1.699724
-4.57	3.74413
-4.56	4.76203
-4.55	5.26025
-4.54	6.23416
-4.53	7.14404
-4.52	4.9605
-4.51	3.90833
-4.5	4.0248
-4.49	4.73122
-4.48	6.26745
-4.47	4.89504
-4.46	3.66492
-4.45	3.83995
-4.44	3.76055
-4.43	3.64024
-4.42	3.53364
-4.41	3.44301
-4.4	3.49031
-4.39	3.54898
-4.38	3.51637
-4.37	3.46645
-4.36	3.41429
-4.35	3.3611
-4.34	3.29643
-4.33	3.21816
-4.32	3.27608
-4.31	3.65919
-4.3	4.36582
-4.29	5.41377
-4.28	6.83182
-4.27	8.60292
-4.26	1.395653
-4.25	2.861441
-4.24	1.496661
-4.23	0.910314
-4.22	0.484264
-4.21	0.2015171
-4.2	3.379472
-4.19	5.401283
-4.18	2.118575
-4.17	0.681422
-4.16	1.88141
-4.15	2.982257
-4.14	3.490068
-4.13	3.399087
-4.12	2.730519
-4.11	1.723214
-4.1	2.083093
-4.09	2.611071
-4.08	3.24525
-4.07	1.723587
-4.06	1.752296
-4.05	1.783522
-4.04	1.815398
-4.03	1.843753
-4.02	1.865633
-4.01	1.882336
-4	2.282671
-3.99	3.56967
-3.98	4.66631
-3.97	4.86623
-3.96	4.24695
-3.95	2.80061
-3.94	0.836027
-3.93	1.27377
-3.92	2.760963
-3.91	2.992274
-3.9	1.082902
-3.89	1.136203
-3.88	1.250641
-3.87	2.203255
-3.86	3.208418
-3.85	4.26271
-3.84	5.36062
-3.83	6.13317
-3.82	7.79401
-3.81	10.5576
-3.8	14.20598
-3.79	25.36578
-3.78	6.73183
-3.77	3.41468
-3.76	4.00373
-3.75	6.88278
-3.74	5.51806
-3.73	4.48354
-3.72	3.80766
-3.71	3.45596
-3.7	3.51541
-3.69	3.66764
-3.68	3.8173
-3.67	4.49699
-3.66	6.78177
-3.65	9.66552
-3.64	11.09702
-3.63	11.14682
-3.62	11.41676
-3.61	12.09913
-3.6	12.54781
-3.59	12.80251
-3.58	12.86336
-3.57	11.94892
-3.56	4.62009
-3.55	4.54118
-3.54	6.00336
-3.53	5.94044
-3.52	5.72572
-3.51	5.39404
-3.5	5.20192
-3.49	5.16907
-3.48	5.29943
-3.47	5.58141
-3.46	6.03084
-3.45	6.53288
-3.44	7.14747
-3.43	7.98446
-3.42	8.26601
-3.41	5.53038
-3.4	5.78779
-3.39	6.06265
-3.38	6.38444
-3.37	6.76602
-3.36	7.14399
-3.35	7.53533
-3.34	7.93316
-3.33	8.32641
-3.32	8.72952
-3.31	9.14159
-3.3	12.10636
-3.29	10.18551
-3.28	8.45973
-3.27	8.41475
-3.26	8.7155
-3.25	8.74855
-3.24	5.58332
-3.23	5.29241
-3.22	5.23224
-3.21	5.39606
-3.2	5.6583
-3.19	5.88959
-3.18	6.07631
-3.17	6.21002
-3.16	6.26087
-3.15	5.92298
-3.14	5.37072
-3.13	4.82133
-3.12	2.390099
-3.11	3.868311
-3.1	5.57768
-3.09	6.92688
-3.08	7.51807
-3.07	7.36329
-3.06	6.51306
-3.05	13.81919
-3.04	7.63857
-3.03	3.73923
-3.02	3.33711
-3.01	3.02801
-3	3.03533
-2.99	3.57734
-2.98	4.6345
-2.97	6.12376
-2.96	8.00092
-2.95	10.29235
-2.94	3.17335
-2.93	3.31391
-2.92	3.4928
-2.91	3.68315
-2.9	3.88539
-2.89	4.09499
-2.88	4.30636
-2.87	4.53738
-2.86	4.78394
-2.85	5.20679
-2.84	5.97179
-2.83	7.08306
-2.82	8.64383
-2.81	10.67632
-2.8	6.86244
-2.79	7.53346
-2.78	6.17745
-2.77	6.28812
-2.76	6.38482
-2.75	6.47211
-2.74	6.55167
-2.73	6.61017
-2.72	6.6603
-2.71	6.69171
-2.7	6.7171
-2.69	6.72626
-2.68	6.72204
-2.67	6.78074
-2.66	7.30531
-2.65	7.64242
-2.64	7.94051
-2.63	8.16714
-2.62	8.31663
-2.61	8.38947
-2.6	8.39626
-2.59	8.33057
-2.58	8.19019
-2.57	7.83214
-2.56	7.95881
-2.55	7.94697
-2.54	7.81139
-2.53	7.79414
-2.52	7.8178
-2.51	7.82945
-2.5	7.82735
-2.49	7.84646
-2.48	7.86045
-2.47	7.87216
-2.46	7.87556
-2.45	7.90231
-2.44	7.99199
-2.43	8.13317
-2.42	8.32092
-2.41	8.51593
-2.4	8.72609
-2.39	8.95234
-2.38	9.18318
-2.37	9.20121
-2.36	9.15226
-2.35	8.76169
-2.34	11.59894
-2.33	12.68382
-2.32	10.34518
-2.31	10.14956
-2.3	9.93187
-2.29	9.68163
-2.28	9.4006
-2.27	9.08542
-2.26	9.05033
-2.25	8.99358
-2.24	8.90435
-2.23	8.75706
-2.22	11.7229
-2.21	10.25922
-2.2	8.49887
-2.19	7.28534
-2.18	5.9033
-2.17	5.60419
-2.16	6.67724
-2.15	7.7484
-2.14	8.32933
-2.13	8.5014
-2.12	8.63311
-2.11	9.27001
-2.1	16.72831
-2.09	9.85697
-2.08	11.22538
-2.07	12.53007
-2.06	17.32587
-2.05	16.57646
-2.04	15.99692
-2.03	15.60029
-2.02	57.9627
-2.01	24.4172
-2	22.31295
-1.99	26.6019
-1.98	31.1411
-1.97	38.2222
-1.96	40.4988
-1.95	51.2576
-1.94	33.1718
-1.93	30.84606
-1.92	13.03011
-1.91	10.00699
-1.9	7.63091
-1.89	6.57577
-1.88	5.56384
-1.87	19.50412
-1.86	2.37557
-1.85	17.26002
-1.84	6.54555
-1.83	6.18906
-1.82	18.0556
-1.81	18.1713
-1.8	18.1077
-1.79	17.7565
-1.78	17.1564
-1.77	16.27975
-1.76	15.12583
-1.75	13.82427
-1.74	14.08406
-1.73	14.25864
-1.72	15.19161
-1.71	15.14545
-1.7	24.89508
-1.69	78.7764
-1.68	14.00334
-1.67	9.87161
-1.66	32.8325
-1.65	21.33607
-1.64	13.11183
-1.63	10.42234
-1.62	10.12277
-1.61	8.32379
-1.6	6.26107
-1.59	5.77895
-1.58	5.3217
-1.57	5.13091
-1.56	5.54393
-1.55	6.19035
-1.54	6.8072
-1.53	7.40652
-1.52	7.98276
-1.51	8.54305
-1.5	9.07983
-1.49	26.717
-1.48	6.84254
-1.47	13.02307
-1.46	24.1155
-1.45	37.0023
-1.44	42.9494
-1.43	14.87214
-1.42	13.20196
-1.41	20.46698
-1.4	5.76798
-1.39	5.45989
-1.38	5.22213
-1.37	5.04111
-1.36	5.67574
-1.35	5.74917
-1.34	5.80777
-1.33	6.07652
-1.32	6.13121
-1.31	6.16006
-1.3	6.18049
-1.29	6.18136
-1.28	6.18771
-1.27	6.2139
-1.26	6.2188
-1.25	6.20914
-1.24	6.17606
-1.23	6.12249
-1.22	8.16797
-1.21	10.51779
-1.2	12.84641
-1.19	15.42097
-1.18	22.37737
-1.17	26.6107
-1.16	30.7313
-1.15	98.6233
-1.14	15.71016
-1.13	13.48913
-1.12	11.13617
-1.11	8.92192
-1.1	8.55407
-1.09	8.19758
-1.08	7.84784
-1.07	7.50441
-1.06	7.17763
-1.05	6.86167
-1.04	6.54812
-1.03	6.23873
-1.02	5.95179
-1.01	6.04147
-1	6.2173
-0.99	6.38586
-0.98	6.56195
-0.97	6.73776
-0.96	6.91366
-0.95	5.55146
-0.94	6.07252
-0.93	11.2106
-0.92	16.1198
-0.91	20.8064
-0.9	26.557
-0.89	33.4505
-0.88	11.00426
-0.87	7.44269
-0.86	26.10103
-0.85	13.90782
-0.84	12.91139
-0.83	11.90884
-0.82	10.90821
-0.81	9.91258
-0.8	8.90471
-0.79	7.90429
-0.78	6.89651
-0.77	6.08634
-0.76	6.36411
-0.75	8.58537
-0.74	8.3457
-0.73	8.09962
-0.72	7.85451
-0.71	7.61438
-0.7	7.36661
-0.69	7.1212
-0.68	7.42508
-0.67	7.86552
-0.66	8.29225
-0.65	8.72755
-0.64	9.16238
-0.63	5.09835
-0.62	5.08396
-0.61	5.07583
-0.6	5.06617
-0.59	5.05617
-0.58	5.04455
-0.57	5.03825
-0.56	5.01589
-0.55	4.94699
-0.54	4.83484
-0.53	4.70673
-0.52	4.58072
-0.51	4.45121
-0.5	4.32614
-0.49	4.20059
-0.48	4.07524
-0.47	3.94712
-0.46	3.81864
-0.45	3.69138
-0.44	3.56419
-0.43	3.43598
-0.42	3.307007
-0.41	3.224402
-0.4	3.198574
-0.39	3.167507
-0.38	3.140008
-0.37	3.108692
-0.36	3.08028
-0.35	3.044854
-0.34	3.024288
-0.33	2.990368
-0.32	2.962125
-0.31	2.930365
-0.3	2.899322
-0.29	2.869435
-0.28	2.843858
-0.27	2.814614
-0.26	2.283601
-0.25	2.187143
-0.24	2.091726
-0.23	1.998581
-0.22	1.902515
-0.21	1.804164
-0.2	1.705944
-0.19	1.608636
-0.18	1.514564
-0.17	1.414876
-0.16	1.316826
-0.15	1.219684
-0.14	1.119104
-0.13	1.018504
-0.12	0.91783
-0.11	0.8165206
-0.1	0.7148771
-0.09	0.612049
-0.08	0.5093739
-0.07	0.4057342
-0.06	0.3019514
-0.05	0.19732771
-0.04	0.0922083
-0.03	0
-0.02	0
-0.01	0
0	0
0.01	0
0.02	0
0.03	0
0.04	0
0.05	0
0.06	0
0.07	0.0126638526
0.08	0.07720121
0.09	0.1419869
0.1	0.23528134
0.11	0.3730726
0.12	0.5217179
0.13	0.6723012
0.14	0.823827
0.15	0.976451
0.16	1.12815
0.17	1.280799
0.18	1.434451
0.19	1.58412
0.2	1.74018
0.21	1.892788
0.22	2.049569
0.23	2.20412
0.24	2.36203
0.25	2.516488
0.26	2.66761
0.27	5.23894
0.28	5.29951
0.29	5.71589
0.3	5.81157
0.31	5.89436
0.32	5.98504
0.33	6.89554
0.34	12.89622
0.35	21.59164
0.36	30.10984
0.37	16.13557
0.38	15.59041
0.39	15.06157
0.4	9.44219
0.41	3.24625
0.42	3.33533
0.43	12.90725
0.44	13.97192
0.45	15.93634
0.46	34.14817
0.47	0.328404
0.48	0.333997
0.49	0.340531
0.5	0.345994
0.51	0.351106
0.52	0.356666
0.53	0.361321
0.54	0.366686
0.55	0.370964
0.56	0.375774
0.57	0.380421
0.58	1.16757
0.59	2.38869
0.6	7.3617
0.61	17.5579
0.62	39.8502
0.63	88.11
0.64	22.1279
0.65	19.8132
0.66	19.6522
0.67	25.3285
0.68	22.3725
0.69	19.5258
0.7	17.45243
0.71	15.25111
0.72	11.92142
0.73	10.48598
0.74	12.18293
0.75	18.82924
0.76	14.62333
0.77	2.55604
0.78	0.503948
0.79	0.514081
0.8	0.524413
0.81	0.534743
0.82	0.54524
0.83	0.555237
0.84	0.564981
0.85	0.575417
0.86	0.585955
0.87	0.595651
0.88	0.605618
0.89	0.615604
0.9	0.625646
0.91	0.635632
0.92	0.646085
0.93	0.655564
0.94	0.665527
0.95	0.6762
0.96	0.685817
0.97	0.695465
0.98	0.70591
0.99	0.71592
1	0.72567
1.01	0.73556
1.02	0.74524
1.03	0.75459
1.04	0.76434
1.05	0.7743
1.06	0.7845
1.07	1.53366
1.08	4.63886
1.09	7.3492
1.1	2.79011
1.11	3.00219
1.12	3.21972
1.13	3.74989
1.14	4.27801
1.15	5.3075
1.16	8.8123
1.17	12.3558
1.18	15.4639
1.19	18.1149
1.2	20.3533
1.21	15.2736
1.22	15.3311
1.23	15.8019
1.24	14.5969
1.25	11.4828
1.26	9.0255
1.27	9.3533
1.28	9.678
1.29	10.4092
1.3	11.0625
1.31	11.0305
1.32	9.6514
1.33	9.6347
1.34	9.9645
1.35	9.7681
1.36	9.596
1.37	9.4474
1.38	9.333
1.39	9.2781
1.4	9.3702
1.41	9.483
1.42	9.6221
1.43	9.7847
1.44	12.0179
1.45	11.4731
1.46	11.1154
1.47	10.9273
1.48	10.8349
1.49	10.3095
1.5	9.9826
1.51	10.0141
1.52	13.7685
1.53	13.0634
1.54	12.2011
1.55	11.1911
1.56	14.4833
1.57	15.6605
1.58	16.4659
1.59	13.3204
1.6	15.474
1.61	16.5224
1.62	16.9351
1.63	16.6145
1.64	16.2115
1.65	15.7151
1.66	11.1322
1.67	10.4002
1.68	8.1891
1.69	9.2402
1.7	10.5126
1.71	12.0105
1.72	41.4379
1.73	5.2438
1.74	12.9934
1.75	11.5781
1.76	10.2046
1.77	8.8811
1.78	7.7013
1.79	6.7117
1.8	22.2102
1.81	7.7642
1.82	7.3943
1.83	7.9496
1.84	8.5669
1.85	9.1382
1.86	10.0481
1.87	10.782
1.88	10.8092
1.89	11.076
1.9	12.571
1.91	14.0467
1.92	15.3203
1.93	14.3615
1.94	15.2971
1.95	17.301
1.96	19.8154
1.97	22.3513
1.98	14.4638
1.99	17.5421
2	16.8335
2.01	16.4636
2.02	10.7788
2.03	10.1366
2.04	13.0229
2.05	15.6776
2.06	14.1536
2.07	12.4985
2.08	11.4517
2.09	10.4882
2.1	9.4783
2.11	8.7563
2.12	12.5349
2.13	11.5908
2.14	10.035
2.15	7.8472
2.16	5.3442
2.17	4.825
2.18	5.0326
2.19	8.7299
2.2	13.5955
2.21	16.8151
2.22	18.3424
2.23	8.9059
2.24	9.024
2.25	12.8447
2.26	11.6092
2.27	10.8975
2.28	11.3683
2.29	12.0719
2.3	12.818
2.31	10.0874
2.32	10.3605
2.33	10.6896
2.34	11.0584
2.35	11.5238
2.36	11.7671
2.37	11.8778
2.38	11.9077
2.39	11.6795
2.4	11.3469
2.41	11.0099
2.42	6.7273
2.43	5.837
2.44	5.002
2.45	4.22919
2.46	3.51738
2.47	5.20127
2.48	4.16642
2.49	3.2302
2.5	2.38672
2.51	1.6321
2.52	0.97024
2.53	0.6958
2.54	0.49431
2.55	0.350997
2.56	0.261791
2.57	0.183156
2.58	0.114469
2.59	0.0560769
2.6	0.00792626
2.61	0
 
