-15.23	0.00E+00
-15.22	4.29E-01
-15.21	8.48E-01
-15.2	6.16E-01
-15.19	6.45E-01
-15.18	6.73E-01
-15.17	7.00E-01
-15.16	7.27E-01
-15.15	7.54E-01
-15.14	7.60E-01
-15.13	7.14E-01
-15.12	6.69E-01
-15.11	6.43E-01
-15.1	6.54E-01
-15.09	6.65E-01
-15.08	6.76E-01
-15.07	6.86E-01
-15.06	6.96E-01
-15.05	7.06E-01
-15.04	7.15E-01
-15.03	7.24E-01
-15.02	1.44E+00
-15.01	1.14E+00
-15	8.43E-01
-14.99	5.55E-01
-14.98	3.00E-01
-14.97	2.57E-01
-14.96	2.16E-01
-14.95	1.98E-01
-14.94	2.16E-01
-14.93	2.33E-01
-14.92	2.50E-01
-14.91	2.67E-01
-14.9	3.06E-01
-14.89	3.61E-01
-14.88	4.15E-01
-14.87	8.84E-01
-14.86	2.06E+00
-14.85	4.40E-01
-14.84	4.44E-01
-14.83	4.49E-01
-14.82	4.54E-01
-14.81	4.58E-01
-14.8	4.62E-01
-14.79	4.67E-01
-14.78	4.71E-01
-14.77	4.76E-01
-14.76	4.81E-01
-14.75	4.87E-01
-14.74	4.93E-01
-14.73	4.99E-01
-14.72	5.04E-01
-14.71	5.10E-01
-14.7	5.16E-01
-14.69	5.21E-01
-14.68	5.27E-01
-14.67	7.17E-01
-14.66	6.87E-01
-14.65	6.56E-01
-14.64	6.25E-01
-14.63	6.00E-01
-14.62	5.79E-01
-14.61	5.58E-01
-14.6	5.62E-01
-14.59	5.69E-01
-14.58	5.77E-01
-14.57	5.84E-01
-14.56	5.91E-01
-14.55	5.98E-01
-14.54	6.05E-01
-14.53	6.12E-01
-14.52	6.20E-01
-14.51	5.11E-01
-14.5	5.14E-01
-14.49	5.18E-01
-14.48	5.22E-01
-14.47	5.26E-01
-14.46	5.30E-01
-14.45	5.06E-01
-14.44	5.03E-01
-14.43	5.00E-01
-14.42	5.16E-01
-14.41	5.17E-01
-14.4	5.18E-01
-14.39	5.19E-01
-14.38	5.20E-01
-14.37	5.21E-01
-14.36	5.22E-01
-14.35	5.23E-01
-14.34	6.34E-01
-14.33	9.39E-01
-14.32	8.93E-01
-14.31	8.47E-01
-14.3	8.00E-01
-14.29	7.53E-01
-14.28	7.06E-01
-14.27	6.58E-01
-14.26	6.11E-01
-14.25	5.63E-01
-14.24	5.16E-01
-14.23	4.67E-01
-14.22	4.20E-01
-14.21	3.94E-01
-14.2	3.84E-01
-14.19	3.73E-01
-14.18	3.80E-01
-14.17	9.27E-01
-14.16	8.05E-01
-14.15	6.81E-01
-14.14	5.57E-01
-14.13	4.32E-01
-14.12	3.07E-01
-14.11	3.36E-01
-14.1	4.00E-01
-14.09	4.64E-01
-14.08	5.28E-01
-14.07	5.92E-01
-14.06	6.57E-01
-14.05	7.22E-01
-14.04	7.89E-01
-14.03	8.54E-01
-14.02	9.20E-01
-14.01	5.60E-01
-14	4.86E-01
-13.99	4.92E-01
-13.98	4.97E-01
-13.97	5.03E-01
-13.96	5.08E-01
-13.95	5.14E-01
-13.94	5.19E-01
-13.93	5.25E-01
-13.92	5.30E-01
-13.91	5.36E-01
-13.9	5.41E-01
-13.89	5.47E-01
-13.88	5.53E-01
-13.87	8.34E-01
-13.86	1.72E+00
-13.85	2.61E+00
-13.84	6.19E-01
-13.83	6.21E-01
-13.82	6.24E-01
-13.81	6.26E-01
-13.8	6.28E-01
-13.79	6.30E-01
-13.78	6.32E-01
-13.77	6.34E-01
-13.76	6.46E-01
-13.75	6.60E-01
-13.74	6.74E-01
-13.73	6.88E-01
-13.72	7.04E-01
-13.71	7.18E-01
-13.7	7.32E-01
-13.69	7.47E-01
-13.68	7.61E-01
-13.67	7.76E-01
-13.66	7.90E-01
-13.65	8.05E-01
-13.64	8.14E-01
-13.63	8.23E-01
-13.62	8.36E-01
-13.61	8.56E-01
-13.6	8.75E-01
-13.59	8.95E-01
-13.58	9.15E-01
-13.57	9.35E-01
-13.56	9.55E-01
-13.55	9.75E-01
-13.54	9.95E-01
-13.53	1.20E+00
-13.52	1.03E+00
-13.51	8.62E-01
-13.5	6.90E-01
-13.49	5.17E-01
-13.48	3.54E-01
-13.47	7.21E-01
-13.46	1.10E+00
-13.45	1.14E+00
-13.44	1.07E+00
-13.43	9.92E-01
-13.42	9.20E-01
-13.41	8.47E-01
-13.4	7.73E-01
-13.39	7.01E-01
-13.38	3.29E-01
-13.37	3.40E-01
-13.36	3.51E-01
-13.35	3.62E-01
-13.34	3.73E-01
-13.33	3.84E-01
-13.32	3.96E-01
-13.31	4.07E-01
-13.3	4.18E-01
-13.29	4.30E-01
-13.28	4.41E-01
-13.27	4.53E-01
-13.26	4.65E-01
-13.25	4.77E-01
-13.24	4.88E-01
-13.23	1.30E+00
-13.22	1.29E+00
-13.21	1.28E+00
-13.2	1.27E+00
-13.19	1.27E+00
-13.18	1.26E+00
-13.17	1.01E+00
-13.16	6.61E-01
-13.15	5.15E-01
-13.14	6.52E-01
-13.13	7.93E-01
-13.12	9.37E-01
-13.11	1.09E+00
-13.1	1.24E+00
-13.09	1.39E+00
-13.08	3.24E+00
-13.07	1.74E+00
-13.06	1.17E+00
-13.05	1.07E+00
-13.04	9.67E-01
-13.03	8.62E-01
-13.02	7.76E-01
-13.01	6.89E-01
-13	6.05E-01
-12.99	5.25E-01
-12.98	5.36E-01
-12.97	5.50E-01
-12.96	5.64E-01
-12.95	6.30E-01
-12.94	7.01E-01
-12.93	7.77E-01
-12.92	8.54E-01
-12.91	9.32E-01
-12.9	1.01E+00
-12.89	1.09E+00
-12.88	1.17E+00
-12.87	1.25E+00
-12.86	1.33E+00
-12.85	1.42E+00
-12.84	1.50E+00
-12.83	1.59E+00
-12.82	1.28E+00
-12.81	1.26E+00
-12.8	1.26E+00
-12.79	2.18E+00
-12.78	1.20E+00
-12.77	1.13E+00
-12.76	1.13E+00
-12.75	1.12E+00
-12.74	1.11E+00
-12.73	1.10E+00
-12.72	1.08E+00
-12.71	1.06E+00
-12.7	1.04E+00
-12.69	1.02E+00
-12.68	9.97E-01
-12.67	9.73E-01
-12.66	9.48E-01
-12.65	9.25E-01
-12.64	9.25E-01
-12.63	9.26E-01
-12.62	9.27E-01
-12.61	9.29E-01
-12.6	9.30E-01
-12.59	9.31E-01
-12.58	1.23E+00
-12.57	1.25E+00
-12.56	1.26E+00
-12.55	1.28E+00
-12.54	1.29E+00
-12.53	1.30E+00
-12.52	1.32E+00
-12.51	1.33E+00
-12.5	1.34E+00
-12.49	1.35E+00
-12.48	1.36E+00
-12.47	1.37E+00
-12.46	1.39E+00
-12.45	2.06E+00
-12.44	2.62E+00
-12.43	3.09E+00
-12.42	2.40E+00
-12.41	2.12E+00
-12.4	1.89E+00
-12.39	1.68E+00
-12.38	1.68E+00
-12.37	1.54E+00
-12.36	1.40E+00
-12.35	1.30E+00
-12.34	1.23E+00
-12.33	9.48E-02
-12.32	1.27E-01
-12.31	2.28E-01
-12.3	3.55E-01
-12.29	5.69E-01
-12.28	7.90E-01
-12.27	1.02E+00
-12.26	1.36E+00
-12.25	1.75E+00
-12.24	2.15E+00
-12.23	2.54E+00
-12.22	3.26E+00
-12.21	4.79E+00
-12.2	3.09E+00
-12.19	2.89E+00
-12.18	2.69E+00
-12.17	2.48E+00
-12.16	2.28E+00
-12.15	2.12E+00
-12.14	2.20E+00
-12.13	2.27E+00
-12.12	2.32E+00
-12.11	1.82E+00
-12.1	1.69E+00
-12.09	2.76E+00
-12.08	2.95E+00
-12.07	1.34E+00
-12.06	1.22E+00
-12.05	1.11E+00
-12.04	9.99E-01
-12.03	8.90E-01
-12.02	7.84E-01
-12.01	6.79E-01
-12	5.85E-01
-11.99	5.41E-01
-11.98	4.97E-01
-11.97	4.54E-01
-11.96	4.15E-01
-11.95	4.23E-01
-11.94	5.66E-01
-11.93	7.15E-01
-11.92	8.51E-01
-11.91	9.72E-01
-11.9	1.08E+00
-11.89	1.17E+00
-11.88	5.17E-01
-11.87	5.18E-01
-11.86	5.17E-01
-11.85	5.12E-01
-11.84	5.01E-01
-11.83	5.09E-01
-11.82	4.91E-01
-11.81	4.52E-01
-11.8	4.15E-01
-11.79	3.80E-01
-11.78	3.46E-01
-11.77	3.15E-01
-11.76	2.85E-01
-11.75	2.56E-01
-11.74	2.36E-01
-11.73	2.24E-01
-11.72	2.11E-01
-11.71	1.97E-01
-11.7	1.82E-01
-11.69	1.67E-01
-11.68	1.51E-01
-11.67	1.35E-01
-11.66	1.67E-01
-11.65	1.19E-01
-11.64	7.86E-02
-11.63	4.60E-02
-11.62	2.13E-02
-11.61	4.42E-03
-11.6	0.00E+00
-11.59	0.00E+00
-11.58	0.00E+00
-11.57	0.00E+00
-11.56	0.00E+00
-11.55	0.00E+00
-11.54	0.00E+00
-11.53	0.00E+00
-11.52	0.00E+00
-11.51	0.00E+00
-11.5	0.00E+00
-11.49	0.00E+00
-11.48	0.00E+00
-11.47	0.00E+00
-11.46	0.00E+00
-11.45	0.00E+00
-11.44	0.00E+00
-11.43	0.00E+00
-11.42	0.00E+00
-11.41	0.00E+00
-11.4	0.00E+00
-11.39	0.00E+00
-11.38	0.00E+00
-11.37	0.00E+00
-11.36	0.00E+00
-11.35	0.00E+00
-11.34	0.00E+00
-11.33	0.00E+00
-11.32	0.00E+00
-11.31	3.48E-02
-11.3	1.06E-01
-11.29	1.78E-01
-11.28	1.17E-01
-11.27	1.23E-01
-11.26	1.30E-01
-11.25	1.36E-01
-11.24	1.43E-01
-11.23	1.49E-01
-11.22	1.56E-01
-11.21	1.54E-01
-11.2	1.47E-01
-11.19	1.40E-01
-11.18	1.37E-01
-11.17	1.40E-01
-11.16	1.44E-01
-11.15	1.47E-01
-11.14	1.50E-01
-11.13	1.54E-01
-11.12	1.57E-01
-11.11	1.60E-01
-11.1	1.63E-01
-11.09	1.67E-01
-11.08	3.28E-01
-11.07	2.75E-01
-11.06	2.22E-01
-11.05	1.69E-01
-11.04	1.15E-01
-11.03	6.86E-02
-11.02	6.09E-02
-11.01	5.46E-02
-11	5.89E-02
-10.99	6.33E-02
-10.98	6.76E-02
-10.97	7.19E-02
-10.96	7.62E-02
-10.95	8.06E-02
-10.94	8.64E-02
-10.93	9.86E-02
-10.92	1.83E-01
-10.91	3.51E-01
-10.9	5.23E-01
-10.89	1.16E-01
-10.88	1.17E-01
-10.87	1.19E-01
-10.86	1.20E-01
-10.85	1.22E-01
-10.84	1.23E-01
-10.83	1.25E-01
-10.82	1.26E-01
-10.81	1.28E-01
-10.8	1.29E-01
-10.79	1.31E-01
-10.78	1.33E-01
-10.77	1.35E-01
-10.76	1.37E-01
-10.75	1.39E-01
-10.74	1.41E-01
-10.73	1.42E-01
-10.72	1.44E-01
-10.71	1.46E-01
-10.7	1.48E-01
-10.69	2.07E-01
-10.68	1.98E-01
-10.67	1.89E-01
-10.66	1.81E-01
-10.65	1.72E-01
-10.64	1.65E-01
-10.63	1.59E-01
-10.62	1.59E-01
-10.61	1.61E-01
-10.6	1.62E-01
-10.59	1.64E-01
-10.58	1.67E-01
-10.57	1.69E-01
-10.56	1.71E-01
-10.55	1.72E-01
-10.54	1.74E-01
-10.53	1.76E-01
-10.52	1.78E-01
-10.51	1.44E-01
-10.5	1.46E-01
-10.49	1.46E-01
-10.48	1.47E-01
-10.47	1.48E-01
-10.46	1.49E-01
-10.45	1.48E-01
-10.44	1.43E-01
-10.43	1.42E-01
-10.42	1.43E-01
-10.41	1.45E-01
-10.4	1.45E-01
-10.39	1.45E-01
-10.38	1.45E-01
-10.37	1.46E-01
-10.36	1.46E-01
-10.35	1.46E-01
-10.34	1.46E-01
-10.33	1.77E-01
-10.32	2.59E-01
-10.31	2.47E-01
-10.3	2.34E-01
-10.29	2.22E-01
-10.28	2.09E-01
-10.27	1.97E-01
-10.26	1.85E-01
-10.25	1.73E-01
-10.24	1.60E-01
-10.23	1.48E-01
-10.22	1.36E-01
-10.21	1.24E-01
-10.2	1.12E-01
-10.19	1.04E-01
-10.18	1.01E-01
-10.17	1.01E-01
-10.16	1.03E-01
-10.15	1.05E-01
-10.14	2.62E-01
-10.13	2.23E-01
-10.12	1.85E-01
-10.11	1.47E-01
-10.1	1.09E-01
-10.09	8.06E-02
-10.08	9.45E-02
-10.07	1.12E-01
-10.06	1.29E-01
-10.05	1.46E-01
-10.04	1.63E-01
-10.03	1.80E-01
-10.02	1.97E-01
-10.01	2.14E-01
-10	2.30E-01
-9.99	2.47E-01
-9.98	1.27E-01
-9.97	1.27E-01
-9.96	1.28E-01
-9.95	1.29E-01
-9.94	1.30E-01
-9.93	1.31E-01
-9.92	1.32E-01
-9.91	1.33E-01
-9.9	1.33E-01
-9.89	1.34E-01
-9.88	1.35E-01
-9.87	1.36E-01
-9.86	1.37E-01
-9.85	1.38E-01
-9.84	1.39E-01
-9.83	1.39E-01
-9.82	1.61E-01
-9.81	4.31E-01
-9.8	7.04E-01
-9.79	1.57E-01
-9.78	1.57E-01
-9.77	1.58E-01
-9.76	1.58E-01
-9.75	1.59E-01
-9.74	1.59E-01
-9.73	1.59E-01
-9.72	1.61E-01
-9.71	1.63E-01
-9.7	1.65E-01
-9.69	1.67E-01
-9.68	1.69E-01
-9.67	1.71E-01
-9.66	1.73E-01
-9.65	1.75E-01
-9.64	1.77E-01
-9.63	1.78E-01
-9.62	1.78E-01
-9.61	1.81E-01
-9.6	1.85E-01
-9.59	1.88E-01
-9.58	1.91E-01
-9.57	1.95E-01
-9.56	1.98E-01
-9.55	2.01E-01
-9.54	2.05E-01
-9.53	2.08E-01
-9.52	2.12E-01
-9.51	2.15E-01
-9.5	2.19E-01
-9.49	2.35E-01
-9.48	2.50E-01
-9.47	2.65E-01
-9.46	2.80E-01
-9.45	3.77E-01
-9.44	1.75E-01
-9.43	1.91E-01
-9.42	2.26E-01
-9.41	2.74E-01
-9.4	3.22E-01
-9.39	1.79E-01
-9.38	1.98E-01
-9.37	2.16E-01
-9.36	2.71E-01
-9.35	2.56E-01
-9.34	2.44E-01
-9.33	2.34E-01
-9.32	2.23E-01
-9.31	2.12E-01
-9.3	2.01E-01
-9.29	1.91E-01
-9.28	1.80E-01
-9.27	1.69E-01
-9.26	1.66E-01
-9.25	1.78E-01
-9.24	1.99E-01
-9.23	2.38E-01
-9.22	2.99E-01
-9.21	3.64E-01
-9.2	8.13E-01
-9.19	5.10E-01
-9.18	5.08E-01
-9.17	5.07E-01
-9.16	5.07E-01
-9.15	4.10E-01
-9.14	4.04E-01
-9.13	4.01E-01
-9.12	3.98E-01
-9.11	3.99E-01
-9.1	3.40E-01
-9.09	6.25E-02
-9.08	4.40E-02
-9.07	5.51E-02
-9.06	6.79E-02
-9.05	1.10E+00
-9.04	1.11E+00
-9.03	1.08E+00
-9.02	9.71E-01
-9.01	7.61E-01
-9	5.45E-01
-8.99	5.11E-01
-8.98	4.83E-01
-8.97	4.86E-01
-8.96	5.00E-01
-8.95	5.41E-01
-8.94	5.94E-01
-8.93	6.52E-01
-8.92	7.17E-01
-8.91	8.01E-01
-8.9	8.95E-01
-8.89	9.91E-01
-8.88	1.09E+00
-8.87	1.26E+00
-8.86	1.49E+00
-8.85	1.78E+00
-8.84	2.12E+00
-8.83	1.65E+00
-8.82	1.71E+00
-8.81	1.79E+00
-8.8	1.56E+00
-8.79	1.32E+00
-8.78	1.10E+00
-8.77	9.13E-01
-8.76	7.91E-01
-8.75	6.91E-01
-8.74	5.87E-01
-8.73	5.35E-01
-8.72	5.14E-01
-8.71	5.04E-01
-8.7	5.03E-01
-8.69	6.37E-01
-8.68	8.04E-01
-8.67	9.75E-01
-8.66	1.15E+00
-8.65	1.34E+00
-8.64	1.56E+00
-8.63	1.79E+00
-8.62	2.02E+00
-8.61	2.24E+00
-8.6	9.50E+00
-8.59	7.53E+00
-8.58	5.27E+00
-8.57	3.43E+00
-8.56	2.47E+00
-8.55	1.53E+00
-8.54	1.07E+00
-8.53	1.05E+00
-8.52	1.03E+00
-8.51	1.01E+00
-8.5	1.07E+00
-8.49	1.23E+00
-8.48	1.37E+00
-8.47	1.48E+00
-8.46	1.57E+00
-8.45	1.64E+00
-8.44	1.68E+00
-8.43	1.61E+00
-8.42	1.52E+00
-8.41	1.43E+00
-8.4	1.35E+00
-8.39	1.27E+00
-8.38	1.20E+00
-8.37	1.14E+00
-8.36	3.57E+00
-8.35	1.46E+00
-8.34	5.16E-01
-8.33	5.18E-01
-8.32	5.20E-01
-8.31	5.22E-01
-8.3	5.24E-01
-8.29	5.25E-01
-8.28	5.26E-01
-8.27	5.27E-01
-8.26	5.27E-01
-8.25	5.27E-01
-8.24	8.55E-01
-8.23	8.18E-01
-8.22	7.82E-01
-8.21	7.47E-01
-8.2	7.12E-01
-8.19	6.77E-01
-8.18	6.44E-01
-8.17	6.11E-01
-8.16	1.05E+00
-8.15	9.78E-01
-8.14	9.07E-01
-8.13	8.37E-01
-8.12	7.68E-01
-8.11	6.99E-01
-8.1	6.31E-01
-8.09	5.62E-01
-8.08	4.95E-01
-8.07	4.28E-01
-8.06	3.62E-01
-8.05	2.96E-01
-8.04	2.35E-01
-8.03	1.78E-01
-8.02	1.22E-01
-8.01	2.30E-01
-8	3.60E-01
-7.99	4.42E-01
-7.98	4.75E-01
-7.97	4.67E-01
-7.96	4.23E-01
-7.95	3.39E-01
-7.94	3.56E-01
-7.93	3.62E-01
-7.92	3.52E-01
-7.91	3.26E-01
-7.9	3.32E-01
-7.89	3.56E-01
-7.88	3.81E-01
-7.87	4.05E-01
-7.86	4.28E-01
-7.85	4.51E-01
-7.84	4.72E-01
-7.83	4.93E-01
-7.82	5.13E-01
-7.81	5.33E-01
-7.8	5.52E-01
-7.79	5.77E-01
-7.78	6.08E-01
-7.77	6.38E-01
-7.76	6.68E-01
-7.75	6.97E-01
-7.74	7.25E-01
-7.73	7.52E-01
-7.72	7.79E-01
-7.71	8.05E-01
-7.7	8.30E-01
-7.69	6.25E-01
-7.68	6.14E-01
-7.67	8.97E-01
-7.66	7.00E-01
-7.65	6.15E-01
-7.64	5.40E-01
-7.63	4.77E-01
-7.62	4.25E-01
-7.61	3.85E-01
-7.6	4.63E-01
-7.59	1.12E+00
-7.58	3.76E-01
-7.57	3.68E-01
-7.56	3.61E-01
-7.55	3.57E-01
-7.54	3.53E-01
-7.53	3.51E-01
-7.52	3.64E-01
-7.51	3.76E-01
-7.5	3.89E-01
-7.49	4.02E-01
-7.48	3.40E-01
-7.47	3.48E-01
-7.46	3.58E-01
-7.45	3.69E-01
-7.44	3.81E-01
-7.43	3.95E-01
-7.42	4.08E-01
-7.41	4.24E-01
-7.4	4.41E-01
-7.39	4.68E-01
-7.38	5.02E-01
-7.37	5.42E-01
-7.36	5.87E-01
-7.35	6.38E-01
-7.34	6.95E-01
-7.33	7.59E-01
-7.32	8.11E-01
-7.31	7.15E-01
-7.3	6.28E-01
-7.29	1.40E+00
-7.28	1.03E+00
-7.27	7.39E-01
-7.26	5.18E-01
-7.25	3.72E-01
-7.24	3.29E-01
-7.23	2.89E-01
-7.22	2.50E-01
-7.21	2.12E-01
-7.2	1.76E-01
-7.19	1.43E-01
-7.18	1.28E-01
-7.17	2.51E-01
-7.16	2.70E-01
-7.15	2.84E-01
-7.14	2.94E-01
-7.13	2.98E-01
-7.12	3.02E-01
-7.11	3.02E-01
-7.1	2.96E-01
-7.09	2.85E-01
-7.08	2.67E-01
-7.07	2.44E-01
-7.06	2.14E-01
-7.05	1.95E-01
-7.04	2.01E-01
-7.03	2.06E-01
-7.02	2.10E-01
-7.01	2.16E-01
-7	2.20E-01
-6.99	2.25E-01
-6.98	2.30E-01
-6.97	2.34E-01
-6.96	2.81E-01
-6.95	4.76E-01
-6.94	8.18E-01
-6.93	1.64E+00
-6.92	2.57E+00
-6.91	1.90E+00
-6.9	5.05E-01
-6.89	4.96E-01
-6.88	4.89E-01
-6.87	4.80E-01
-6.86	4.73E-01
-6.85	4.66E-01
-6.84	4.49E-01
-6.83	4.43E-01
-6.82	4.37E-01
-6.81	4.31E-01
-6.8	4.27E-01
-6.79	4.22E-01
-6.78	4.18E-01
-6.77	4.14E-01
-6.76	4.10E-01
-6.75	4.07E-01
-6.74	4.04E-01
-6.73	1.27E+00
-6.72	1.30E+00
-6.71	1.08E+00
-6.7	8.72E-01
-6.69	7.56E-01
-6.68	6.55E-01
-6.67	5.69E-01
-6.66	5.17E-01
-6.65	4.94E-01
-6.64	4.71E-01
-6.63	4.49E-01
-6.62	4.25E-01
-6.61	4.02E-01
-6.6	4.16E-01
-6.59	4.56E-01
-6.58	5.27E-01
-6.57	5.77E-01
-6.56	6.27E-01
-6.55	6.83E-01
-6.54	7.33E-01
-6.53	7.56E-01
-6.52	7.64E-01
-6.51	7.72E-01
-6.5	7.79E-01
-6.49	7.85E-01
-6.48	7.90E-01
-6.47	7.95E-01
-6.46	7.98E-01
-6.45	8.00E-01
-6.44	8.01E-01
-6.43	8.01E-01
-6.42	8.01E-01
-6.41	7.99E-01
-6.4	7.97E-01
-6.39	7.93E-01
-6.38	7.89E-01
-6.37	7.83E-01
-6.36	7.77E-01
-6.35	7.69E-01
-6.34	7.61E-01
-6.33	9.64E-01
-6.32	1.54E+00
-6.31	9.12E-01
-6.3	9.93E-01
-6.29	1.32E+00
-6.28	7.83E-01
-6.27	7.07E-01
-6.26	6.41E-01
-6.25	5.86E-01
-6.24	5.42E-01
-6.23	5.07E-01
-6.22	4.88E-01
-6.21	4.81E-01
-6.2	5.97E-01
-6.19	5.69E-01
-6.18	5.41E-01
-6.17	5.08E-01
-6.16	5.50E+00
-6.15	7.46E-01
-6.14	1.17E+00
-6.13	1.72E+00
-6.12	8.82E-01
-6.11	8.39E-01
-6.1	7.89E-01
-6.09	7.34E-01
-6.08	6.71E-01
-6.07	6.03E-01
-6.06	5.28E-01
-6.05	4.47E-01
-6.04	3.59E-01
-6.03	2.81E-01
-6.02	2.48E-01
-6.01	2.84E-01
-6	3.28E-01
-5.99	4.16E-01
-5.98	5.53E-01
-5.97	7.32E-01
-5.96	8.71E-01
-5.95	9.57E-01
-5.94	9.89E-01
-5.93	9.68E-01
-5.92	6.23E-01
-5.91	6.38E-01
-5.9	6.49E-01
-5.89	6.57E-01
-5.88	6.61E-01
-5.87	6.63E-01
-5.86	6.60E-01
-5.85	8.56E-01
-5.84	1.38E+00
-5.83	2.10E+00
-5.82	4.99E-01
-5.81	5.02E-01
-5.8	5.07E-01
-5.79	5.15E-01
-5.78	5.27E-01
-5.77	5.39E-01
-5.76	5.53E-01
-5.75	5.67E-01
-5.74	5.82E-01
-5.73	5.98E-01
-5.72	6.15E-01
-5.71	6.34E-01
-5.7	6.53E-01
-5.69	6.78E-01
-5.68	7.17E-01
-5.67	7.61E-01
-5.66	8.09E-01
-5.65	8.62E-01
-5.64	9.19E-01
-5.63	2.81E+00
-5.62	1.95E+00
-5.61	1.08E+00
-5.6	6.84E-01
-5.59	1.06E+00
-5.58	1.47E+00
-5.57	1.88E+00
-5.56	2.30E+00
-5.55	8.51E-01
-5.54	8.58E-01
-5.53	8.65E-01
-5.52	8.71E-01
-5.51	8.76E-01
-5.5	9.07E-01
-5.49	9.08E-01
-5.48	9.10E-01
-5.47	9.28E-01
-5.46	9.32E-01
-5.45	9.57E-01
-5.44	9.94E-01
-5.43	1.04E+00
-5.42	1.06E+00
-5.41	1.06E+00
-5.4	1.07E+00
-5.39	1.06E+00
-5.38	1.05E+00
-5.37	1.05E+00
-5.36	1.08E+00
-5.35	1.11E+00
-5.34	1.13E+00
-5.33	1.14E+00
-5.32	1.15E+00
-5.31	1.17E+00
-5.3	1.19E+00
-5.29	1.18E+00
-5.28	1.13E+00
-5.27	1.10E+00
-5.26	1.06E+00
-5.25	1.03E+00
-5.24	9.94E-01
-5.23	9.75E-01
-5.22	2.22E+00
-5.21	9.78E-01
-5.2	1.01E+00
-5.19	1.03E+00
-5.18	1.04E+00
-5.17	1.06E+00
-5.16	1.07E+00
-5.15	1.08E+00
-5.14	1.09E+00
-5.13	1.10E+00
-5.12	1.13E+00
-5.11	1.16E+00
-5.1	1.19E+00
-5.09	1.22E+00
-5.08	1.26E+00
-5.07	1.29E+00
-5.06	1.33E+00
-5.05	1.37E+00
-5.04	1.24E+00
-5.03	1.03E+00
-5.02	8.69E-01
-5.01	7.44E-01
-5	8.26E-01
-4.99	8.99E-01
-4.98	9.28E-01
-4.97	9.40E-01
-4.96	9.35E-01
-4.95	9.29E-01
-4.94	9.23E-01
-4.93	9.18E-01
-4.92	9.11E-01
-4.91	9.06E-01
-4.9	9.00E-01
-4.89	8.94E-01
-4.88	7.07E-01
-4.87	6.99E-01
-4.86	6.91E-01
-4.85	6.83E-01
-4.84	6.75E-01
-4.83	6.67E-01
-4.82	6.59E-01
-4.81	6.51E-01
-4.8	6.44E-01
-4.79	6.36E-01
-4.78	6.28E-01
-4.77	6.21E-01
-4.76	6.13E-01
-4.75	6.06E-01
-4.74	5.99E-01
-4.73	5.92E-01
-4.72	5.85E-01
-4.71	1.70E+00
-4.7	5.93E-01
-4.69	4.49E-01
-4.68	4.41E-01
-4.67	4.44E-01
-4.66	4.47E-01
-4.65	4.51E-01
-4.64	4.54E-01
-4.63	4.58E-01
-4.62	4.62E-01
-4.61	4.65E-01
-4.6	4.69E-01
-4.59	4.73E-01
-4.58	6.53E-01
-4.57	1.32E+00
-4.56	1.96E+00
-4.55	2.36E+00
-4.54	2.52E+00
-4.53	2.54E+00
-4.52	2.40E+00
-4.51	2.13E+00
-4.5	2.21E+00
-4.49	3.18E+00
-4.48	3.34E+00
-4.47	3.08E+00
-4.46	2.16E+00
-4.45	2.12E+00
-4.44	2.01E+00
-4.43	1.89E+00
-4.42	1.75E+00
-4.41	1.61E+00
-4.4	1.57E+00
-4.39	1.54E+00
-4.38	1.42E+00
-4.37	1.29E+00
-4.36	1.18E+00
-4.35	1.12E+00
-4.34	1.06E+00
-4.33	1.00E+00
-4.32	1.15E+00
-4.31	1.32E+00
-4.3	1.46E+00
-4.29	1.63E+00
-4.28	1.82E+00
-4.27	2.01E+00
-4.26	1.86E+00
-4.25	3.50E+00
-4.24	2.27E+00
-4.23	1.92E+00
-4.22	1.28E+00
-4.21	5.65E-01
-4.2	2.55E+00
-4.19	1.33E+00
-4.18	6.76E-01
-4.17	8.90E-01
-4.16	1.12E+00
-4.15	1.32E+00
-4.14	1.46E+00
-4.13	1.56E+00
-4.12	1.63E+00
-4.11	1.46E+00
-4.1	1.72E+00
-4.09	2.19E+00
-4.08	2.81E+00
-4.07	9.60E-01
-4.06	8.93E-01
-4.05	8.40E-01
-4.04	8.02E-01
-4.03	7.74E-01
-4.02	7.51E-01
-4.01	7.66E-01
-4	1.20E+00
-3.99	1.30E+00
-3.98	1.83E+00
-3.97	1.65E+00
-3.96	1.41E+00
-3.95	1.13E+00
-3.94	8.06E-01
-3.93	1.92E+00
-3.92	4.59E+00
-3.91	4.12E+00
-3.9	1.84E+00
-3.89	1.93E+00
-3.88	2.02E+00
-3.87	2.13E+00
-3.86	2.23E+00
-3.85	2.33E+00
-3.84	2.42E+00
-3.83	2.00E+00
-3.82	1.82E+00
-3.81	1.93E+00
-3.8	1.90E+00
-3.79	2.97E+00
-3.78	1.80E+00
-3.77	5.10E-01
-3.76	4.87E-01
-3.75	5.59E-01
-3.74	6.67E-01
-3.73	7.23E-01
-3.72	7.28E-01
-3.71	6.83E-01
-3.7	7.56E-01
-3.69	8.86E-01
-3.68	9.81E-01
-3.67	1.54E+00
-3.66	2.05E+00
-3.65	2.48E+00
-3.64	2.63E+00
-3.63	2.57E+00
-3.62	2.41E+00
-3.61	2.41E+00
-3.6	2.23E+00
-3.59	2.03E+00
-3.58	1.82E+00
-3.57	1.45E+00
-3.56	6.40E-01
-3.55	6.69E-01
-3.54	1.34E+00
-3.53	1.70E+00
-3.52	2.01E+00
-3.51	2.12E+00
-3.5	2.14E+00
-3.49	2.14E+00
-3.48	2.14E+00
-3.47	2.11E+00
-3.46	2.07E+00
-3.45	2.01E+00
-3.44	1.94E+00
-3.43	4.13E+00
-3.42	8.79E-01
-3.41	7.65E-01
-3.4	7.31E-01
-3.39	6.97E-01
-3.38	6.33E-01
-3.37	6.27E-01
-3.36	6.20E-01
-3.35	6.11E-01
-3.34	6.03E-01
-3.33	5.93E-01
-3.32	5.83E-01
-3.31	5.72E-01
-3.3	7.28E-01
-3.29	7.02E-01
-3.28	6.71E-01
-3.27	1.91E+00
-3.26	1.85E+00
-3.25	2.43E+00
-3.24	2.50E+00
-3.23	2.42E+00
-3.22	2.35E+00
-3.21	2.30E+00
-3.2	2.31E+00
-3.19	2.29E+00
-3.18	2.26E+00
-3.17	2.21E+00
-3.16	2.11E+00
-3.15	1.73E+00
-3.14	1.24E+00
-3.13	8.02E-01
-3.12	3.94E-01
-3.11	4.29E-01
-3.1	5.35E-01
-3.09	7.11E-01
-3.08	9.34E-01
-3.07	1.21E+00
-3.06	1.54E+00
-3.05	2.01E+00
-3.04	1.05E+00
-3.03	9.05E-01
-3.02	8.58E-01
-3.01	1.05E+00
-3	1.93E+00
-2.99	8.16E-01
-2.98	8.31E-01
-2.97	8.51E-01
-2.96	8.65E-01
-2.95	8.75E-01
-2.94	7.49E-01
-2.93	7.88E-01
-2.92	8.79E-01
-2.91	9.61E-01
-2.9	1.04E+00
-2.89	1.10E+00
-2.88	1.16E+00
-2.87	1.21E+00
-2.86	1.25E+00
-2.85	1.33E+00
-2.84	1.41E+00
-2.83	1.51E+00
-2.82	1.73E+00
-2.81	2.01E+00
-2.8	1.91E+00
-2.79	2.27E+00
-2.78	1.14E+00
-2.77	1.10E+00
-2.76	1.06E+00
-2.75	1.02E+00
-2.74	9.84E-01
-2.73	9.45E-01
-2.72	9.07E-01
-2.71	8.69E-01
-2.7	8.31E-01
-2.69	7.94E-01
-2.68	7.76E-01
-2.67	8.05E-01
-2.66	8.72E-01
-2.65	9.07E-01
-2.64	9.41E-01
-2.63	9.78E-01
-2.62	1.02E+00
-2.61	1.06E+00
-2.6	1.11E+00
-2.59	1.17E+00
-2.58	1.23E+00
-2.57	1.18E+00
-2.56	1.17E+00
-2.55	1.09E+00
-2.54	9.35E-01
-2.53	9.08E-01
-2.52	9.22E-01
-2.51	9.36E-01
-2.5	9.51E-01
-2.49	9.67E-01
-2.48	9.85E-01
-2.47	1.00E+00
-2.46	1.02E+00
-2.45	1.01E+00
-2.44	1.01E+00
-2.43	1.03E+00
-2.42	1.05E+00
-2.41	1.07E+00
-2.4	1.08E+00
-2.39	1.10E+00
-2.38	1.12E+00
-2.37	1.12E+00
-2.36	1.11E+00
-2.35	1.07E+00
-2.34	1.08E+00
-2.33	2.25E+00
-2.32	7.68E-01
-2.31	7.53E-01
-2.3	7.44E-01
-2.29	7.36E-01
-2.28	7.31E-01
-2.27	7.29E-01
-2.26	8.55E-01
-2.25	8.45E-01
-2.24	8.38E-01
-2.23	8.33E-01
-2.22	1.04E+00
-2.21	1.04E+00
-2.2	8.59E-01
-2.19	7.83E-01
-2.18	5.57E-01
-2.17	3.78E-01
-2.16	3.43E-01
-2.15	3.13E-01
-2.14	2.83E-01
-2.13	2.56E-01
-2.12	2.33E-01
-2.11	2.96E-01
-2.1	1.19E+00
-2.09	4.05E-01
-2.08	5.16E-01
-2.07	6.15E-01
-2.06	7.44E-01
-2.05	8.08E-01
-2.04	8.66E-01
-2.03	9.17E-01
-2.02	2.01E+00
-2.01	1.28E+00
-2	1.19E+00
-1.99	1.29E+00
-1.98	1.52E+00
-1.97	2.20E+00
-1.96	2.09E+00
-1.95	1.25E+00
-1.94	9.51E-01
-1.93	9.66E-01
-1.92	5.67E-01
-1.91	5.84E-01
-1.9	8.57E-01
-1.89	8.39E-01
-1.88	8.26E-01
-1.87	1.71E+00
-1.86	4.37E-01
-1.85	8.33E-01
-1.84	1.11E+00
-1.83	9.51E-01
-1.82	9.41E-01
-1.81	7.87E-01
-1.8	6.48E-01
-1.79	5.30E-01
-1.78	4.51E-01
-1.77	3.92E-01
-1.76	3.52E-01
-1.75	3.34E-01
-1.74	3.45E-01
-1.73	3.50E-01
-1.72	3.85E-01
-1.71	4.03E-01
-1.7	6.35E-01
-1.69	1.07E+00
-1.68	4.81E-01
-1.67	4.77E-01
-1.66	1.22E+00
-1.65	7.52E-01
-1.64	5.07E-01
-1.63	4.38E-01
-1.62	4.65E-01
-1.61	4.83E-01
-1.6	4.45E-01
-1.59	4.47E-01
-1.58	4.56E-01
-1.57	4.09E-01
-1.56	3.86E-01
-1.55	3.89E-01
-1.54	3.93E-01
-1.53	3.95E-01
-1.52	3.96E-01
-1.51	3.97E-01
-1.5	3.97E-01
-1.49	6.96E-01
-1.48	2.08E-01
-1.47	2.98E-01
-1.46	4.95E-01
-1.45	6.05E-01
-1.44	6.03E-01
-1.43	3.85E-01
-1.42	3.68E-01
-1.41	6.22E-01
-1.4	1.78E-01
-1.39	1.75E-01
-1.38	1.71E-01
-1.37	1.67E-01
-1.36	2.28E-01
-1.35	2.08E-01
-1.34	1.91E-01
-1.33	1.84E-01
-1.32	1.72E-01
-1.31	1.64E-01
-1.3	1.58E-01
-1.29	1.54E-01
-1.28	1.53E-01
-1.27	1.54E-01
-1.26	1.54E-01
-1.25	1.55E-01
-1.24	1.56E-01
-1.23	1.57E-01
-1.22	2.30E-01
-1.21	3.02E-01
-1.2	3.62E-01
-1.19	4.10E-01
-1.18	4.10E-01
-1.17	4.97E-01
-1.16	6.05E-01
-1.15	1.85E+00
-1.14	3.36E-01
-1.13	3.10E-01
-1.12	2.68E-01
-1.11	2.15E-01
-1.1	2.13E-01
-1.09	2.10E-01
-1.08	2.06E-01
-1.07	2.01E-01
-1.06	1.96E-01
-1.05	1.89E-01
-1.04	1.83E-01
-1.03	1.75E-01
-1.02	1.66E-01
-1.01	1.68E-01
-1	1.72E-01
-0.99	1.77E-01
-0.98	1.81E-01
-0.97	1.84E-01
-0.96	1.88E-01
-0.95	1.52E-01
-0.94	1.39E-01
-0.93	1.65E-01
-0.92	2.14E-01
-0.91	2.88E-01
-0.9	4.02E-01
-0.89	8.19E-01
-0.88	2.29E-01
-0.87	1.25E-01
-0.86	6.80E-01
-0.85	3.27E-01
-0.84	2.97E-01
-0.83	2.68E-01
-0.82	2.41E-01
-0.81	2.13E-01
-0.8	1.87E-01
-0.79	1.61E-01
-0.78	1.35E-01
-0.77	1.16E-01
-0.76	1.26E-01
-0.75	1.43E-01
-0.74	1.52E-01
-0.73	1.61E-01
-0.72	1.71E-01
-0.71	1.80E-01
-0.7	1.89E-01
-0.69	1.99E-01
-0.68	2.10E-01
-0.67	2.22E-01
-0.66	2.33E-01
-0.65	2.45E-01
-0.64	2.56E-01
-0.63	1.44E-01
-0.62	1.44E-01
-0.61	1.43E-01
-0.6	1.43E-01
-0.59	1.43E-01
-0.58	1.42E-01
-0.57	1.42E-01
-0.56	1.41E-01
-0.55	1.39E-01
-0.54	1.36E-01
-0.53	1.32E-01
-0.52	1.29E-01
-0.51	1.25E-01
-0.5	1.22E-01
-0.49	1.18E-01
-0.48	1.15E-01
-0.47	1.11E-01
-0.46	1.08E-01
-0.45	1.04E-01
-0.44	1.00E-01
-0.43	9.69E-02
-0.42	9.33E-02
-0.41	9.10E-02
-0.4	9.01E-02
-0.39	8.92E-02
-0.38	8.83E-02
-0.37	8.74E-02
-0.36	8.65E-02
-0.35	8.57E-02
-0.34	8.49E-02
-0.33	8.40E-02
-0.32	8.32E-02
-0.31	8.24E-02
-0.3	8.15E-02
-0.29	8.08E-02
-0.28	8.00E-02
-0.27	7.91E-02
-0.26	6.41E-02
-0.25	6.11E-02
-0.24	5.81E-02
-0.23	5.50E-02
-0.22	5.20E-02
-0.21	4.90E-02
-0.2	4.61E-02
-0.19	4.31E-02
-0.18	4.02E-02
-0.17	3.74E-02
-0.16	3.45E-02
-0.15	3.17E-02
-0.14	2.89E-02
-0.13	2.61E-02
-0.12	2.34E-02
-0.11	2.06E-02
-0.1	1.79E-02
-0.09	1.53E-02
-0.08	1.26E-02
-0.07	9.95E-03
-0.06	7.35E-03
-0.05	4.77E-03
-0.04	2.21E-03
-0.03	0.00E+00
-0.02	0.00E+00
-0.01	0.00E+00
0	0.00E+00
0.01	0.00E+00
0.02	0.00E+00
0.03	0.00E+00
0.04	0.00E+00
0.05	0.00E+00
0.06	0.00E+00
0.07	7.21E-04
0.08	4.44E-03
0.09	8.27E-03
0.1	1.37E-02
0.11	2.16E-02
0.12	2.99E-02
0.13	3.86E-02
0.14	4.75E-02
0.15	5.69E-02
0.16	6.65E-02
0.17	7.65E-02
0.18	8.68E-02
0.19	9.74E-02
0.2	1.08E-01
0.21	1.20E-01
0.22	1.31E-01
0.23	1.43E-01
0.24	1.56E-01
0.25	1.68E-01
0.26	1.81E-01
0.27	3.77E-01
0.28	4.04E-01
0.29	4.64E-01
0.3	5.03E-01
0.31	5.44E-01
0.32	5.86E-01
0.33	7.21E-01
0.34	1.67E+00
0.35	3.18E+00
0.36	4.77E+00
0.37	2.50E+00
0.38	2.53E+00
0.39	2.52E+00
0.4	1.65E+00
0.41	4.77E-01
0.42	5.13E-01
0.43	2.17E+00
0.44	2.77E+00
0.45	3.74E+00
0.46	9.58E+00
0.47	5.74E-02
0.48	6.05E-02
0.49	6.37E-02
0.5	6.70E-02
0.51	7.03E-02
0.52	7.37E-02
0.53	7.72E-02
0.54	8.09E-02
0.55	8.45E-02
0.56	8.82E-02
0.57	9.21E-02
0.58	4.65E-01
0.59	9.04E-01
0.6	1.82E+00
0.61	3.30E+00
0.62	7.23E+00
0.63	1.24E+01
0.64	4.32E+00
0.65	3.92E+00
0.66	3.37E+00
0.67	5.35E+00
0.68	5.12E+00
0.69	4.36E+00
0.7	3.86E+00
0.71	3.44E+00
0.72	2.87E+00
0.73	2.80E+00
0.74	3.19E+00
0.75	4.74E+00
0.76	5.42E+00
0.77	1.02E+00
0.78	1.24E-01
0.79	1.24E-01
0.8	1.23E-01
0.81	1.22E-01
0.82	1.22E-01
0.83	1.21E-01
0.84	1.21E-01
0.85	1.20E-01
0.86	1.20E-01
0.87	1.19E-01
0.88	1.19E-01
0.89	1.18E-01
0.9	1.18E-01
0.91	1.17E-01
0.92	1.16E-01
0.93	1.16E-01
0.94	1.16E-01
0.95	1.15E-01
0.96	1.14E-01
0.97	1.14E-01
0.98	1.13E-01
0.99	1.13E-01
1	1.13E-01
1.01	1.12E-01
1.02	1.12E-01
1.03	1.11E-01
1.04	1.11E-01
1.05	1.10E-01
1.06	1.10E-01
1.07	1.60E-01
1.08	5.09E-01
1.09	1.05E+00
1.1	4.17E-01
1.11	4.49E-01
1.12	4.82E-01
1.13	5.35E-01
1.14	5.92E-01
1.15	9.48E-01
1.16	1.63E+00
1.17	2.52E+00
1.18	3.62E+00
1.19	4.94E+00
1.2	6.46E+00
1.21	3.93E+00
1.22	3.97E+00
1.23	3.95E+00
1.24	3.34E+00
1.25	2.28E+00
1.26	1.55E+00
1.27	1.69E+00
1.28	1.85E+00
1.29	2.04E+00
1.3	2.27E+00
1.31	2.34E+00
1.32	2.09E+00
1.33	2.44E+00
1.34	2.75E+00
1.35	2.80E+00
1.36	2.85E+00
1.37	2.89E+00
1.38	2.91E+00
1.39	2.93E+00
1.4	2.96E+00
1.41	2.99E+00
1.42	3.00E+00
1.43	3.00E+00
1.44	4.02E+00
1.45	4.01E+00
1.46	3.92E+00
1.47	3.74E+00
1.48	3.48E+00
1.49	3.08E+00
1.5	2.65E+00
1.51	2.71E+00
1.52	5.24E+00
1.53	4.43E+00
1.54	3.70E+00
1.55	3.06E+00
1.56	3.26E+00
1.57	3.68E+00
1.58	4.67E+00
1.59	3.78E+00
1.6	4.46E+00
1.61	5.21E+00
1.62	5.38E+00
1.63	4.74E+00
1.64	4.14E+00
1.65	3.57E+00
1.66	3.01E+00
1.67	3.18E+00
1.68	2.70E+00
1.69	3.18E+00
1.7	3.56E+00
1.71	3.85E+00
1.72	1.16E+01
1.73	9.93E-01
1.74	3.06E+00
1.75	2.80E+00
1.76	2.51E+00
1.77	2.21E+00
1.78	1.93E+00
1.79	1.71E+00
1.8	4.87E+00
1.81	2.05E+00
1.82	1.96E+00
1.83	1.98E+00
1.84	2.03E+00
1.85	2.09E+00
1.86	2.31E+00
1.87	2.59E+00
1.88	2.85E+00
1.89	3.20E+00
1.9	3.79E+00
1.91	4.43E+00
1.92	4.89E+00
1.93	4.87E+00
1.94	5.33E+00
1.95	6.20E+00
1.96	6.78E+00
1.97	7.09E+00
1.98	4.11E+00
1.99	5.41E+00
2	4.57E+00
2.01	3.93E+00
2.02	2.42E+00
2.03	2.19E+00
2.04	4.33E+00
2.05	5.70E+00
2.06	4.90E+00
2.07	4.13E+00
2.08	3.70E+00
2.09	3.38E+00
2.1	3.10E+00
2.11	2.94E+00
2.12	3.96E+00
2.13	3.01E+00
2.14	2.27E+00
2.15	1.76E+00
2.16	1.56E+00
2.17	1.57E+00
2.18	1.60E+00
2.19	3.03E+00
2.2	3.77E+00
2.21	5.17E+00
2.22	7.22E+00
2.23	2.72E+00
2.24	2.63E+00
2.25	5.65E+00
2.26	4.53E+00
2.27	3.22E+00
2.28	3.12E+00
2.29	3.21E+00
2.3	3.31E+00
2.31	2.72E+00
2.32	2.67E+00
2.33	2.60E+00
2.34	2.52E+00
2.35	2.45E+00
2.36	2.38E+00
2.37	2.33E+00
2.38	2.30E+00
2.39	2.26E+00
2.4	2.21E+00
2.41	2.17E+00
2.42	1.85E+00
2.43	1.86E+00
2.44	1.85E+00
2.45	1.83E+00
2.46	1.79E+00
2.47	4.67E+00
2.48	4.06E+00
2.49	3.41E+00
2.5	2.70E+00
2.51	1.93E+00
2.52	1.13E+00
2.53	9.04E-01
2.54	7.14E-01
2.55	5.35E-01
2.56	4.39E-01
2.57	3.39E-01
2.58	2.37E-01
2.59	1.31E-01
2.6	2.10E-02
2.61	0.00E+00
 
