-15.23	0.00E+00
-15.22	4.38E-03
-15.21	1.71E-02
-15.2	1.86E-02
-15.19	2.58E-02
-15.18	3.37E-02
-15.17	4.21E-02
-15.16	5.11E-02
-15.15	6.09E-02
-15.14	6.94E-02
-15.13	7.28E-02
-15.12	7.51E-02
-15.11	7.89E-02
-15.1	8.71E-02
-15.09	9.56E-02
-15.08	1.04E-01
-15.07	1.14E-01
-15.06	1.23E-01
-15.05	1.33E-01
-15.04	1.43E-01
-15.03	1.54E-01
-15.02	3.21E-01
-15.01	2.68E-01
-15	2.09E-01
-14.99	1.45E-01
-14.98	8.07E-02
-14.97	7.25E-02
-14.96	6.34E-02
-14.95	6.02E-02
-14.94	6.64E-02
-14.93	7.30E-02
-14.92	7.98E-02
-14.91	8.68E-02
-14.9	1.03E-01
-14.89	1.25E-01
-14.88	1.48E-01
-14.87	3.33E-01
-14.86	8.02E-01
-14.85	1.72E-01
-14.84	1.79E-01
-14.83	1.85E-01
-14.82	1.91E-01
-14.81	1.96E-01
-14.8	2.03E-01
-14.79	2.09E-01
-14.78	2.16E-01
-14.77	2.22E-01
-14.76	2.29E-01
-14.75	2.36E-01
-14.74	2.44E-01
-14.73	2.51E-01
-14.72	2.59E-01
-14.71	2.67E-01
-14.7	2.75E-01
-14.69	2.83E-01
-14.68	2.92E-01
-14.67	4.03E-01
-14.66	3.91E-01
-14.65	3.79E-01
-14.64	3.66E-01
-14.63	3.55E-01
-14.62	3.47E-01
-14.61	3.39E-01
-14.6	3.47E-01
-14.59	3.55E-01
-14.58	3.64E-01
-14.57	3.73E-01
-14.56	3.81E-01
-14.55	3.90E-01
-14.54	3.99E-01
-14.53	4.08E-01
-14.52	4.18E-01
-14.51	3.47E-01
-14.5	3.53E-01
-14.49	3.60E-01
-14.48	3.66E-01
-14.47	3.72E-01
-14.46	3.78E-01
-14.45	3.64E-01
-14.44	3.61E-01
-14.43	3.58E-01
-14.42	3.69E-01
-14.41	3.72E-01
-14.4	3.74E-01
-14.39	3.76E-01
-14.38	3.78E-01
-14.37	3.80E-01
-14.36	3.83E-01
-14.35	3.85E-01
-14.34	4.73E-01
-14.33	7.00E-01
-14.32	6.67E-01
-14.31	6.35E-01
-14.3	6.01E-01
-14.29	5.68E-01
-14.28	5.34E-01
-14.27	5.00E-01
-14.26	4.66E-01
-14.25	4.31E-01
-14.24	3.97E-01
-14.23	3.62E-01
-14.22	3.29E-01
-14.21	3.11E-01
-14.2	3.04E-01
-14.19	2.97E-01
-14.18	3.05E-01
-14.17	7.39E-01
-14.16	6.48E-01
-14.15	5.54E-01
-14.14	4.55E-01
-14.13	3.55E-01
-14.12	2.51E-01
-14.11	2.72E-01
-14.1	3.22E-01
-14.09	3.71E-01
-14.08	4.21E-01
-14.07	4.72E-01
-14.06	5.23E-01
-14.05	5.76E-01
-14.04	6.27E-01
-14.03	6.81E-01
-14.02	7.34E-01
-14.01	4.40E-01
-14	3.81E-01
-13.99	3.86E-01
-13.98	3.90E-01
-13.97	3.93E-01
-13.96	3.98E-01
-13.95	4.02E-01
-13.94	4.06E-01
-13.93	4.10E-01
-13.92	4.14E-01
-13.91	4.18E-01
-13.9	4.23E-01
-13.89	4.27E-01
-13.88	4.31E-01
-13.87	6.44E-01
-13.86	1.33E+00
-13.85	2.05E+00
-13.84	4.84E-01
-13.83	4.85E-01
-13.82	4.86E-01
-13.81	4.87E-01
-13.8	4.88E-01
-13.79	4.89E-01
-13.78	4.90E-01
-13.77	4.91E-01
-13.76	4.99E-01
-13.75	5.09E-01
-13.74	5.20E-01
-13.73	5.29E-01
-13.72	5.40E-01
-13.71	5.50E-01
-13.7	5.60E-01
-13.69	5.70E-01
-13.68	5.80E-01
-13.67	5.89E-01
-13.66	5.99E-01
-13.65	6.09E-01
-13.64	6.15E-01
-13.63	6.20E-01
-13.62	6.29E-01
-13.61	6.42E-01
-13.6	6.56E-01
-13.59	6.69E-01
-13.58	6.83E-01
-13.57	6.97E-01
-13.56	7.10E-01
-13.55	7.24E-01
-13.54	7.38E-01
-13.53	8.88E-01
-13.52	7.54E-01
-13.51	6.21E-01
-13.5	4.92E-01
-13.49	3.66E-01
-13.48	2.50E-01
-13.47	5.11E-01
-13.46	7.79E-01
-13.45	7.99E-01
-13.44	7.47E-01
-13.43	6.95E-01
-13.42	6.41E-01
-13.41	5.89E-01
-13.4	5.37E-01
-13.39	4.85E-01
-13.38	2.28E-01
-13.37	2.34E-01
-13.36	2.40E-01
-13.35	2.46E-01
-13.34	2.52E-01
-13.33	2.58E-01
-13.32	2.64E-01
-13.31	2.70E-01
-13.3	2.75E-01
-13.29	2.81E-01
-13.28	2.87E-01
-13.27	2.93E-01
-13.26	3.00E-01
-13.25	3.05E-01
-13.24	3.11E-01
-13.23	8.15E-01
-13.22	8.16E-01
-13.21	8.18E-01
-13.2	8.19E-01
-13.19	8.21E-01
-13.18	8.23E-01
-13.17	6.59E-01
-13.16	4.21E-01
-13.15	3.24E-01
-13.14	4.15E-01
-13.13	5.05E-01
-13.12	5.94E-01
-13.11	6.81E-01
-13.1	7.67E-01
-13.09	8.51E-01
-13.08	1.95E+00
-13.07	1.05E+00
-13.06	7.28E-01
-13.05	6.63E-01
-13.04	5.99E-01
-13.03	5.34E-01
-13.02	4.80E-01
-13.01	4.25E-01
-13	3.73E-01
-12.99	3.23E-01
-12.98	3.26E-01
-12.97	3.31E-01
-12.96	3.35E-01
-12.95	3.67E-01
-12.94	4.00E-01
-12.93	4.36E-01
-12.92	4.71E-01
-12.91	5.05E-01
-12.9	5.40E-01
-12.89	5.73E-01
-12.88	6.06E-01
-12.87	6.39E-01
-12.86	6.72E-01
-12.85	7.03E-01
-12.84	7.35E-01
-12.83	7.66E-01
-12.82	6.28E-01
-12.81	6.24E-01
-12.8	6.27E-01
-12.79	1.18E+00
-12.78	5.92E-01
-12.77	5.53E-01
-12.76	5.47E-01
-12.75	5.41E-01
-12.74	5.31E-01
-12.73	5.17E-01
-12.72	5.02E-01
-12.71	4.88E-01
-12.7	4.75E-01
-12.69	4.62E-01
-12.68	4.49E-01
-12.67	4.35E-01
-12.66	4.22E-01
-12.65	4.10E-01
-12.64	4.06E-01
-12.63	4.03E-01
-12.62	3.99E-01
-12.61	3.96E-01
-12.6	3.92E-01
-12.59	3.89E-01
-12.58	4.90E-01
-12.57	4.87E-01
-12.56	4.85E-01
-12.55	4.82E-01
-12.54	4.79E-01
-12.53	4.77E-01
-12.52	4.74E-01
-12.51	4.72E-01
-12.5	4.69E-01
-12.49	4.67E-01
-12.48	4.64E-01
-12.47	4.63E-01
-12.46	4.63E-01
-12.45	6.35E-01
-12.44	8.35E-01
-12.43	1.06E+00
-12.42	7.99E-01
-12.41	6.84E-01
-12.4	5.77E-01
-12.39	4.64E-01
-12.38	4.31E-01
-12.37	3.52E-01
-12.36	2.79E-01
-12.35	2.23E-01
-12.34	1.78E-01
-12.33	2.36E-02
-12.32	2.89E-02
-12.31	4.84E-02
-12.3	7.19E-02
-12.29	1.15E-01
-12.28	1.52E-01
-12.27	1.82E-01
-12.26	2.21E-01
-12.25	2.58E-01
-12.24	2.87E-01
-12.23	3.09E-01
-12.22	3.40E-01
-12.21	4.03E-01
-12.2	3.35E-01
-12.19	3.22E-01
-12.18	3.11E-01
-12.17	3.03E-01
-12.16	2.98E-01
-12.15	2.97E-01
-12.14	3.15E-01
-12.13	3.40E-01
-12.12	3.71E-01
-12.11	3.53E-01
-12.1	3.64E-01
-12.09	7.35E-01
-12.08	5.83E-01
-12.07	2.51E-01
-12.06	2.34E-01
-12.05	2.18E-01
-12.04	2.03E-01
-12.03	1.90E-01
-12.02	1.77E-01
-12.01	1.66E-01
-12	1.56E-01
-11.99	1.50E-01
-11.98	1.44E-01
-11.97	1.38E-01
-11.96	1.34E-01
-11.95	1.32E-01
-11.94	1.39E-01
-11.93	1.49E-01
-11.92	1.61E-01
-11.91	1.74E-01
-11.9	1.87E-01
-11.89	2.03E-01
-11.88	1.18E-01
-11.87	1.16E-01
-11.86	1.14E-01
-11.85	1.13E-01
-11.84	1.12E-01
-11.83	1.19E-01
-11.82	1.19E-01
-11.81	1.10E-01
-11.8	1.02E-01
-11.79	9.33E-02
-11.78	8.52E-02
-11.77	7.73E-02
-11.76	6.96E-02
-11.75	6.21E-02
-11.74	5.56E-02
-11.73	5.06E-02
-11.72	4.59E-02
-11.71	4.16E-02
-11.7	3.77E-02
-11.69	3.43E-02
-11.68	3.12E-02
-11.67	2.86E-02
-11.66	3.45E-02
-11.65	2.30E-02
-11.64	1.38E-02
-11.63	6.95E-03
-11.62	2.42E-03
-11.61	2.24E-04
-11.6	0.00E+00
-11.59	0.00E+00
-11.58	0.00E+00
-11.57	0.00E+00
-11.56	0.00E+00
-11.55	0.00E+00
-11.54	0.00E+00
-11.53	0.00E+00
-11.52	0.00E+00
-11.51	0.00E+00
-11.5	0.00E+00
-11.49	0.00E+00
-11.48	0.00E+00
-11.47	0.00E+00
-11.46	0.00E+00
-11.45	0.00E+00
-11.44	0.00E+00
-11.43	0.00E+00
-11.42	0.00E+00
-11.41	0.00E+00
-11.4	0.00E+00
-11.39	0.00E+00
-11.38	0.00E+00
-11.37	0.00E+00
-11.36	0.00E+00
-11.35	0.00E+00
-11.34	0.00E+00
-11.33	0.00E+00
-11.32	0.00E+00
-11.31	5.43E-03
-11.3	1.63E-02
-11.29	2.69E-02
-11.28	1.73E-02
-11.27	1.80E-02
-11.26	1.87E-02
-11.25	1.94E-02
-11.24	2.00E-02
-11.23	2.07E-02
-11.22	2.14E-02
-11.21	2.06E-02
-11.2	1.95E-02
-11.19	1.84E-02
-11.18	1.78E-02
-11.17	1.81E-02
-11.16	1.83E-02
-11.15	1.85E-02
-11.14	1.87E-02
-11.13	1.89E-02
-11.12	1.90E-02
-11.11	1.92E-02
-11.1	1.94E-02
-11.09	1.96E-02
-11.08	3.82E-02
-11.07	3.17E-02
-11.06	2.54E-02
-11.05	1.91E-02
-11.04	1.30E-02
-11.03	7.73E-03
-11.02	6.81E-03
-11.01	6.07E-03
-11	6.51E-03
-10.99	6.95E-03
-10.98	7.37E-03
-10.97	7.79E-03
-10.96	8.20E-03
-10.95	8.60E-03
-10.94	9.15E-03
-10.93	1.04E-02
-10.92	1.85E-02
-10.91	3.52E-02
-10.9	5.27E-02
-10.89	1.19E-02
-10.88	1.20E-02
-10.87	1.21E-02
-10.86	1.22E-02
-10.85	1.23E-02
-10.84	1.24E-02
-10.83	1.25E-02
-10.82	1.26E-02
-10.81	1.27E-02
-10.8	1.28E-02
-10.79	1.29E-02
-10.78	1.31E-02
-10.77	1.32E-02
-10.76	1.33E-02
-10.75	1.34E-02
-10.74	1.36E-02
-10.73	1.37E-02
-10.72	1.38E-02
-10.71	1.39E-02
-10.7	1.41E-02
-10.69	1.95E-02
-10.68	1.87E-02
-10.67	1.79E-02
-10.66	1.70E-02
-10.65	1.62E-02
-10.64	1.56E-02
-10.63	1.49E-02
-10.62	1.50E-02
-10.61	1.51E-02
-10.6	1.52E-02
-10.59	1.55E-02
-10.58	1.56E-02
-10.57	1.58E-02
-10.56	1.60E-02
-10.55	1.62E-02
-10.54	1.63E-02
-10.53	1.65E-02
-10.52	1.67E-02
-10.51	1.35E-02
-10.5	1.35E-02
-10.49	1.36E-02
-10.48	1.37E-02
-10.47	1.37E-02
-10.46	1.38E-02
-10.45	1.37E-02
-10.44	1.34E-02
-10.43	1.35E-02
-10.42	1.37E-02
-10.41	1.40E-02
-10.4	1.41E-02
-10.39	1.41E-02
-10.38	1.42E-02
-10.37	1.43E-02
-10.36	1.43E-02
-10.35	1.43E-02
-10.34	1.44E-02
-10.33	1.74E-02
-10.32	2.64E-02
-10.31	2.53E-02
-10.3	2.43E-02
-10.29	2.31E-02
-10.28	2.19E-02
-10.27	2.07E-02
-10.26	1.94E-02
-10.25	1.81E-02
-10.24	1.68E-02
-10.23	1.54E-02
-10.22	1.39E-02
-10.21	1.25E-02
-10.2	1.10E-02
-10.19	9.94E-03
-10.18	9.66E-03
-10.17	9.59E-03
-10.16	9.64E-03
-10.15	9.83E-03
-10.14	2.64E-02
-10.13	2.17E-02
-10.12	1.75E-02
-10.11	1.38E-02
-10.1	1.06E-02
-10.09	8.41E-03
-10.08	1.05E-02
-10.07	1.30E-02
-10.06	1.55E-02
-10.05	1.79E-02
-10.04	2.03E-02
-10.03	2.25E-02
-10.02	2.48E-02
-10.01	2.70E-02
-10	2.92E-02
-9.99	3.12E-02
-9.98	1.68E-02
-9.97	1.70E-02
-9.96	1.71E-02
-9.95	1.73E-02
-9.94	1.75E-02
-9.93	1.77E-02
-9.92	1.79E-02
-9.91	1.80E-02
-9.9	1.81E-02
-9.89	1.84E-02
-9.88	1.85E-02
-9.87	1.87E-02
-9.86	1.88E-02
-9.85	1.90E-02
-9.84	1.91E-02
-9.83	1.93E-02
-9.82	2.21E-02
-9.81	5.65E-02
-9.8	9.79E-02
-9.79	2.19E-02
-9.78	2.20E-02
-9.77	2.22E-02
-9.76	2.23E-02
-9.75	2.25E-02
-9.74	2.27E-02
-9.73	2.28E-02
-9.72	2.31E-02
-9.71	2.35E-02
-9.7	2.39E-02
-9.69	2.43E-02
-9.68	2.48E-02
-9.67	2.51E-02
-9.66	2.55E-02
-9.65	2.59E-02
-9.64	2.64E-02
-9.63	2.66E-02
-9.62	2.69E-02
-9.61	2.75E-02
-9.6	2.82E-02
-9.59	2.88E-02
-9.58	2.95E-02
-9.57	3.01E-02
-9.56	3.08E-02
-9.55	3.15E-02
-9.54	3.22E-02
-9.53	3.28E-02
-9.52	3.35E-02
-9.51	3.42E-02
-9.5	3.49E-02
-9.49	3.72E-02
-9.48	3.96E-02
-9.47	4.20E-02
-9.46	4.47E-02
-9.45	6.04E-02
-9.44	2.53E-02
-9.43	2.80E-02
-9.42	3.43E-02
-9.41	4.27E-02
-9.4	5.01E-02
-9.39	2.91E-02
-9.38	3.11E-02
-9.37	3.24E-02
-9.36	4.89E-02
-9.35	1.02E-01
-9.34	1.54E-01
-9.33	2.04E-01
-9.32	2.51E-01
-9.31	2.97E-01
-9.3	3.39E-01
-9.29	3.80E-01
-9.28	4.19E-01
-9.27	4.55E-01
-9.26	8.93E-01
-9.25	1.81E+00
-9.24	2.74E+00
-9.23	3.67E+00
-9.22	4.61E+00
-9.21	5.55E+00
-9.2	1.46E+01
-9.19	5.88E+00
-9.18	5.09E+00
-9.17	4.37E+00
-9.16	3.71E+00
-9.15	3.11E+00
-9.14	2.58E+00
-9.13	2.14E+00
-9.12	1.75E+00
-9.11	1.44E+00
-9.1	1.17E+00
-9.09	9.95E-01
-9.08	1.14E+00
-9.07	1.28E+00
-9.06	1.41E+00
-9.05	8.74E+00
-9.04	8.59E+00
-9.03	8.39E+00
-9.02	7.67E+00
-9.01	6.16E+00
-9	4.80E+00
-8.99	4.40E+00
-8.98	4.07E+00
-8.97	3.94E+00
-8.96	3.90E+00
-8.95	4.05E+00
-8.94	4.29E+00
-8.93	4.60E+00
-8.92	4.97E+00
-8.91	5.41E+00
-8.9	5.85E+00
-8.89	6.28E+00
-8.88	6.71E+00
-8.87	7.87E+00
-8.86	9.08E+00
-8.85	1.03E+01
-8.84	1.14E+01
-8.83	8.84E+00
-8.82	8.83E+00
-8.81	8.79E+00
-8.8	7.55E+00
-8.79	6.70E+00
-8.78	5.83E+00
-8.77	4.99E+00
-8.76	4.39E+00
-8.75	3.97E+00
-8.74	3.62E+00
-8.73	3.38E+00
-8.72	3.26E+00
-8.71	3.12E+00
-8.7	2.98E+00
-8.69	3.15E+00
-8.68	3.40E+00
-8.67	3.64E+00
-8.66	3.86E+00
-8.65	4.15E+00
-8.64	4.81E+00
-8.63	5.48E+00
-8.62	6.14E+00
-8.61	6.80E+00
-8.6	2.83E+01
-8.59	2.18E+01
-8.58	1.57E+01
-8.57	1.21E+01
-8.56	8.68E+00
-8.55	5.31E+00
-8.54	3.68E+00
-8.53	3.65E+00
-8.52	3.63E+00
-8.51	3.61E+00
-8.5	3.78E+00
-8.49	4.25E+00
-8.48	4.72E+00
-8.47	5.21E+00
-8.46	5.69E+00
-8.45	6.17E+00
-8.44	6.66E+00
-8.43	6.55E+00
-8.42	6.32E+00
-8.41	6.11E+00
-8.4	5.89E+00
-8.39	5.68E+00
-8.38	5.46E+00
-8.37	5.24E+00
-8.36	1.30E+01
-8.35	6.07E+00
-8.34	2.84E+00
-8.33	2.87E+00
-8.32	2.90E+00
-8.31	2.93E+00
-8.3	2.96E+00
-8.29	2.98E+00
-8.28	3.01E+00
-8.27	3.04E+00
-8.26	3.07E+00
-8.25	3.10E+00
-8.24	5.46E+00
-8.23	5.24E+00
-8.22	5.03E+00
-8.21	4.81E+00
-8.2	4.60E+00
-8.19	4.39E+00
-8.18	4.18E+00
-8.17	3.98E+00
-8.16	5.94E+00
-8.15	5.54E+00
-8.14	5.14E+00
-8.13	4.75E+00
-8.12	4.35E+00
-8.11	3.95E+00
-8.1	3.56E+00
-8.09	3.17E+00
-8.08	2.79E+00
-8.07	2.40E+00
-8.06	2.01E+00
-8.05	1.63E+00
-8.04	1.30E+00
-8.03	9.98E-01
-8.02	7.18E-01
-8.01	1.14E+00
-8	1.63E+00
-7.99	1.88E+00
-7.98	1.89E+00
-7.97	1.70E+00
-7.96	1.35E+00
-7.95	1.50E+00
-7.94	1.80E+00
-7.93	1.98E+00
-7.92	2.02E+00
-7.91	1.92E+00
-7.9	1.99E+00
-7.89	2.17E+00
-7.88	2.35E+00
-7.87	2.53E+00
-7.86	2.70E+00
-7.85	2.86E+00
-7.84	3.03E+00
-7.83	3.18E+00
-7.82	3.34E+00
-7.81	3.50E+00
-7.8	3.65E+00
-7.79	3.82E+00
-7.78	4.01E+00
-7.77	4.22E+00
-7.76	4.41E+00
-7.75	4.61E+00
-7.74	4.82E+00
-7.73	5.03E+00
-7.72	5.24E+00
-7.71	5.45E+00
-7.7	5.67E+00
-7.69	3.72E+00
-7.68	3.60E+00
-7.67	5.24E+00
-7.66	3.93E+00
-7.65	3.33E+00
-7.64	2.82E+00
-7.63	2.40E+00
-7.62	2.08E+00
-7.61	1.84E+00
-7.6	1.92E+00
-7.59	5.26E+00
-7.58	1.66E+00
-7.57	1.60E+00
-7.56	1.55E+00
-7.55	1.53E+00
-7.54	1.52E+00
-7.53	1.53E+00
-7.52	1.56E+00
-7.51	1.60E+00
-7.5	1.63E+00
-7.49	1.67E+00
-7.48	1.61E+00
-7.47	1.66E+00
-7.46	1.73E+00
-7.45	1.80E+00
-7.44	1.89E+00
-7.43	1.98E+00
-7.42	2.09E+00
-7.41	2.21E+00
-7.4	2.33E+00
-7.39	2.50E+00
-7.38	2.72E+00
-7.37	2.98E+00
-7.36	3.29E+00
-7.35	3.65E+00
-7.34	4.08E+00
-7.33	4.56E+00
-7.32	4.97E+00
-7.31	4.35E+00
-7.3	3.82E+00
-7.29	8.89E+00
-7.28	6.26E+00
-7.27	4.30E+00
-7.26	3.00E+00
-7.25	2.35E+00
-7.24	2.04E+00
-7.23	1.76E+00
-7.22	1.48E+00
-7.21	1.21E+00
-7.2	9.55E-01
-7.19	7.26E-01
-7.18	6.33E-01
-7.17	6.12E-01
-7.16	8.30E-01
-7.15	1.02E+00
-7.14	1.17E+00
-7.13	1.30E+00
-7.12	1.40E+00
-7.11	1.46E+00
-7.1	1.48E+00
-7.09	1.45E+00
-7.08	1.39E+00
-7.07	1.28E+00
-7.06	1.13E+00
-7.05	1.03E+00
-7.04	1.08E+00
-7.03	1.12E+00
-7.02	1.16E+00
-7.01	1.20E+00
-7	1.24E+00
-6.99	1.28E+00
-6.98	1.32E+00
-6.97	1.36E+00
-6.96	1.74E+00
-6.95	3.14E+00
-6.94	5.40E+00
-6.93	1.04E+01
-6.92	1.47E+01
-6.91	9.54E+00
-6.9	2.94E+00
-6.89	2.91E+00
-6.88	2.89E+00
-6.87	2.86E+00
-6.86	2.84E+00
-6.85	2.82E+00
-6.84	2.78E+00
-6.83	2.76E+00
-6.82	2.74E+00
-6.81	2.73E+00
-6.8	2.71E+00
-6.79	2.69E+00
-6.78	2.67E+00
-6.77	2.66E+00
-6.76	2.64E+00
-6.75	2.63E+00
-6.74	2.62E+00
-6.73	7.30E+00
-6.72	7.31E+00
-6.71	6.13E+00
-6.7	4.95E+00
-6.69	4.28E+00
-6.68	3.78E+00
-6.67	3.42E+00
-6.66	3.23E+00
-6.65	3.12E+00
-6.64	2.99E+00
-6.63	2.84E+00
-6.62	2.68E+00
-6.61	2.50E+00
-6.6	2.49E+00
-6.59	2.61E+00
-6.58	2.97E+00
-6.57	3.17E+00
-6.56	3.37E+00
-6.55	3.60E+00
-6.54	3.81E+00
-6.53	3.91E+00
-6.52	3.93E+00
-6.51	3.95E+00
-6.5	3.98E+00
-6.49	3.99E+00
-6.48	4.01E+00
-6.47	4.01E+00
-6.46	4.02E+00
-6.45	4.03E+00
-6.44	4.02E+00
-6.43	4.01E+00
-6.42	4.01E+00
-6.41	3.99E+00
-6.4	3.97E+00
-6.39	3.95E+00
-6.38	3.93E+00
-6.37	3.91E+00
-6.36	3.87E+00
-6.35	3.83E+00
-6.34	3.79E+00
-6.33	4.67E+00
-6.32	6.84E+00
-6.31	4.49E+00
-6.3	5.29E+00
-6.29	8.95E+00
-6.28	4.68E+00
-6.27	4.32E+00
-6.26	4.02E+00
-6.25	3.77E+00
-6.24	3.58E+00
-6.23	3.45E+00
-6.22	3.38E+00
-6.21	3.36E+00
-6.2	4.33E+00
-6.19	3.95E+00
-6.18	3.57E+00
-6.17	3.19E+00
-6.16	3.83E+01
-6.15	4.53E+00
-6.14	6.78E+00
-6.13	9.26E+00
-6.12	4.42E+00
-6.11	4.16E+00
-6.1	3.87E+00
-6.09	3.57E+00
-6.08	3.23E+00
-6.07	2.88E+00
-6.06	2.51E+00
-6.05	2.11E+00
-6.04	1.69E+00
-6.03	1.32E+00
-6.02	1.16E+00
-6.01	1.33E+00
-6	1.53E+00
-5.99	1.90E+00
-5.98	2.46E+00
-5.97	3.20E+00
-5.96	3.68E+00
-5.95	3.90E+00
-5.94	3.83E+00
-5.93	3.49E+00
-5.92	2.47E+00
-5.91	2.76E+00
-5.9	2.97E+00
-5.89	3.11E+00
-5.88	3.18E+00
-5.87	3.19E+00
-5.86	3.12E+00
-5.85	4.47E+00
-5.84	7.03E+00
-5.83	9.55E+00
-5.82	2.74E+00
-5.81	2.81E+00
-5.8	2.89E+00
-5.79	2.99E+00
-5.78	3.11E+00
-5.77	3.23E+00
-5.76	3.36E+00
-5.75	3.49E+00
-5.74	3.61E+00
-5.73	3.74E+00
-5.72	3.88E+00
-5.71	4.00E+00
-5.7	4.14E+00
-5.69	4.29E+00
-5.68	4.49E+00
-5.67	4.76E+00
-5.66	5.09E+00
-5.65	5.48E+00
-5.64	5.93E+00
-5.63	2.38E+01
-5.62	1.33E+01
-5.61	6.63E+00
-5.6	3.99E+00
-5.59	6.15E+00
-5.58	8.52E+00
-5.57	1.10E+01
-5.56	1.35E+01
-5.55	4.89E+00
-5.54	4.96E+00
-5.53	5.03E+00
-5.52	5.09E+00
-5.51	5.15E+00
-5.5	5.33E+00
-5.49	5.40E+00
-5.48	5.46E+00
-5.47	5.72E+00
-5.46	5.79E+00
-5.45	6.00E+00
-5.44	6.30E+00
-5.43	6.72E+00
-5.42	6.96E+00
-5.41	7.00E+00
-5.4	7.20E+00
-5.39	7.25E+00
-5.38	7.25E+00
-5.37	7.33E+00
-5.36	7.57E+00
-5.35	7.73E+00
-5.34	7.73E+00
-5.33	7.71E+00
-5.32	7.70E+00
-5.31	7.70E+00
-5.3	7.71E+00
-5.29	7.52E+00
-5.28	7.02E+00
-5.27	6.58E+00
-5.26	6.21E+00
-5.25	5.88E+00
-5.24	5.58E+00
-5.23	5.42E+00
-5.22	1.12E+01
-5.21	5.68E+00
-5.2	5.90E+00
-5.19	6.12E+00
-5.18	6.30E+00
-5.17	6.53E+00
-5.16	6.76E+00
-5.15	6.98E+00
-5.14	7.22E+00
-5.13	7.53E+00
-5.12	7.94E+00
-5.11	8.35E+00
-5.1	8.78E+00
-5.09	9.21E+00
-5.08	9.65E+00
-5.07	1.01E+01
-5.06	1.06E+01
-5.05	1.10E+01
-5.04	9.87E+00
-5.03	8.00E+00
-5.02	6.37E+00
-5.01	5.05E+00
-5	5.63E+00
-4.99	6.19E+00
-4.98	6.42E+00
-4.97	6.53E+00
-4.96	6.50E+00
-4.95	6.47E+00
-4.94	6.44E+00
-4.93	6.41E+00
-4.92	6.37E+00
-4.91	6.34E+00
-4.9	6.29E+00
-4.89	6.25E+00
-4.88	4.85E+00
-4.87	4.81E+00
-4.86	4.76E+00
-4.85	4.72E+00
-4.84	4.68E+00
-4.83	4.64E+00
-4.82	4.60E+00
-4.81	4.56E+00
-4.8	4.52E+00
-4.79	4.48E+00
-4.78	4.44E+00
-4.77	4.40E+00
-4.76	4.35E+00
-4.75	4.31E+00
-4.74	4.27E+00
-4.73	4.23E+00
-4.72	4.19E+00
-4.71	1.10E+01
-4.7	4.50E+00
-4.69	3.31E+00
-4.68	3.32E+00
-4.67	3.44E+00
-4.66	3.56E+00
-4.65	3.66E+00
-4.64	3.75E+00
-4.63	3.84E+00
-4.62	3.92E+00
-4.61	3.99E+00
-4.6	4.06E+00
-4.59	4.11E+00
-4.58	5.09E+00
-4.57	9.83E+00
-4.56	1.54E+01
-4.55	1.84E+01
-4.54	1.89E+01
-4.53	1.95E+01
-4.52	1.83E+01
-4.51	1.65E+01
-4.5	1.69E+01
-4.49	2.44E+01
-4.48	2.30E+01
-4.47	2.25E+01
-4.46	1.39E+01
-4.45	1.32E+01
-4.44	1.23E+01
-4.43	1.13E+01
-4.42	1.03E+01
-4.41	9.27E+00
-4.4	8.61E+00
-4.39	8.05E+00
-4.38	7.20E+00
-4.37	6.38E+00
-4.36	5.70E+00
-4.35	5.59E+00
-4.34	5.53E+00
-4.33	5.49E+00
-4.32	6.78E+00
-4.31	8.21E+00
-4.3	9.41E+00
-4.29	1.10E+01
-4.28	1.27E+01
-4.27	1.44E+01
-4.26	1.43E+01
-4.25	2.52E+01
-4.24	2.67E+01
-4.23	2.35E+01
-4.22	1.83E+01
-4.21	1.07E+01
-4.2	2.14E+01
-4.19	8.52E+00
-4.18	4.21E+00
-4.17	5.17E+00
-4.16	7.04E+00
-4.15	9.49E+00
-4.14	1.25E+01
-4.13	1.60E+01
-4.12	2.11E+01
-4.11	1.77E+01
-4.1	1.50E+01
-4.09	1.57E+01
-4.08	1.61E+01
-4.07	9.67E+00
-4.06	9.10E+00
-4.05	8.52E+00
-4.04	8.08E+00
-4.03	7.84E+00
-4.02	7.59E+00
-4.01	7.64E+00
-4	1.20E+01
-3.99	1.32E+01
-3.98	2.16E+01
-3.97	1.72E+01
-3.96	1.35E+01
-3.95	1.06E+01
-3.94	8.62E+00
-3.93	1.22E+01
-3.92	2.48E+01
-3.91	1.90E+01
-3.9	1.15E+01
-3.89	1.18E+01
-3.88	1.22E+01
-3.87	1.27E+01
-3.86	1.34E+01
-3.85	1.40E+01
-3.84	1.46E+01
-3.83	1.28E+01
-3.82	1.01E+01
-3.81	1.10E+01
-3.8	1.15E+01
-3.79	2.42E+01
-3.78	1.59E+01
-3.77	3.84E+00
-3.76	3.64E+00
-3.75	3.99E+00
-3.74	4.15E+00
-3.73	4.19E+00
-3.72	4.08E+00
-3.71	3.82E+00
-3.7	4.00E+00
-3.69	4.53E+00
-3.68	5.14E+00
-3.67	7.59E+00
-3.66	1.07E+01
-3.65	1.50E+01
-3.64	1.77E+01
-3.63	1.70E+01
-3.62	1.28E+01
-3.61	1.19E+01
-3.6	1.13E+01
-3.59	1.09E+01
-3.58	1.06E+01
-3.57	9.43E+00
-3.56	4.46E+00
-3.55	4.61E+00
-3.54	7.06E+00
-3.53	8.65E+00
-3.52	1.06E+01
-3.51	1.14E+01
-3.5	1.16E+01
-3.49	1.18E+01
-3.48	1.18E+01
-3.47	1.17E+01
-3.46	1.16E+01
-3.45	1.13E+01
-3.44	1.12E+01
-3.43	4.48E+01
-3.42	5.54E+00
-3.41	4.77E+00
-3.4	4.63E+00
-3.39	4.49E+00
-3.38	3.69E+00
-3.37	3.61E+00
-3.36	3.54E+00
-3.35	3.45E+00
-3.34	3.37E+00
-3.33	3.30E+00
-3.32	3.22E+00
-3.31	3.14E+00
-3.3	3.72E+00
-3.29	3.92E+00
-3.28	4.00E+00
-3.27	8.10E+00
-3.26	8.47E+00
-3.25	1.67E+01
-3.24	1.90E+01
-3.23	1.76E+01
-3.22	1.60E+01
-3.21	1.43E+01
-3.2	1.31E+01
-3.19	1.19E+01
-3.18	1.07E+01
-3.17	9.62E+00
-3.16	8.48E+00
-3.15	6.59E+00
-3.14	4.51E+00
-3.13	2.80E+00
-3.12	1.41E+00
-3.11	1.52E+00
-3.1	2.02E+00
-3.09	3.01E+00
-3.08	4.45E+00
-3.07	6.31E+00
-3.06	8.64E+00
-3.05	9.80E+00
-3.04	7.56E+00
-3.03	7.68E+00
-3.02	7.70E+00
-3.01	1.10E+01
-3	2.49E+01
-2.99	7.88E+00
-2.98	7.84E+00
-2.97	7.65E+00
-2.96	7.23E+00
-2.95	6.61E+00
-2.94	5.66E+00
-2.93	5.57E+00
-2.92	5.86E+00
-2.91	6.17E+00
-2.9	6.49E+00
-2.89	6.81E+00
-2.88	7.15E+00
-2.87	7.48E+00
-2.86	7.89E+00
-2.85	9.06E+00
-2.84	1.00E+01
-2.83	1.12E+01
-2.82	1.32E+01
-2.81	1.48E+01
-2.8	1.20E+01
-2.79	1.28E+01
-2.78	7.87E+00
-2.77	7.68E+00
-2.76	7.50E+00
-2.75	7.33E+00
-2.74	7.16E+00
-2.73	7.00E+00
-2.72	6.85E+00
-2.71	6.71E+00
-2.7	6.57E+00
-2.69	6.44E+00
-2.68	6.71E+00
-2.67	7.55E+00
-2.66	8.38E+00
-2.65	8.31E+00
-2.64	8.13E+00
-2.63	8.01E+00
-2.62	7.92E+00
-2.61	7.89E+00
-2.6	7.89E+00
-2.59	7.96E+00
-2.58	8.08E+00
-2.57	8.08E+00
-2.56	6.67E+00
-2.55	5.48E+00
-2.54	4.49E+00
-2.53	4.43E+00
-2.52	4.56E+00
-2.51	4.69E+00
-2.5	4.82E+00
-2.49	4.97E+00
-2.48	5.12E+00
-2.47	5.27E+00
-2.46	5.43E+00
-2.45	5.41E+00
-2.44	5.51E+00
-2.43	5.65E+00
-2.42	5.84E+00
-2.41	6.01E+00
-2.4	6.19E+00
-2.39	6.35E+00
-2.38	6.52E+00
-2.37	6.59E+00
-2.36	6.60E+00
-2.35	6.45E+00
-2.34	6.44E+00
-2.33	1.19E+01
-2.32	4.86E+00
-2.31	4.83E+00
-2.3	4.81E+00
-2.29	4.82E+00
-2.28	4.84E+00
-2.27	4.87E+00
-2.26	5.91E+00
-2.25	5.83E+00
-2.24	5.77E+00
-2.23	5.75E+00
-2.22	7.19E+00
-2.21	7.25E+00
-2.2	6.08E+00
-2.19	5.64E+00
-2.18	4.15E+00
-2.17	2.99E+00
-2.16	2.77E+00
-2.15	2.54E+00
-2.14	2.31E+00
-2.13	2.10E+00
-2.12	1.91E+00
-2.11	2.18E+00
-2.1	1.12E+01
-2.09	2.38E+00
-2.08	3.20E+00
-2.07	4.00E+00
-2.06	5.16E+00
-2.05	5.77E+00
-2.04	6.29E+00
-2.03	6.70E+00
-2.02	9.99E+00
-2.01	8.85E+00
-2	7.82E+00
-1.99	7.81E+00
-1.98	9.60E+00
-1.97	1.49E+01
-1.96	1.65E+01
-1.95	4.89E+00
-1.94	3.78E+00
-1.93	4.23E+00
-1.92	3.69E+00
-1.91	4.29E+00
-1.9	7.24E+00
-1.89	7.24E+00
-1.88	7.22E+00
-1.87	1.28E+01
-1.86	4.34E+00
-1.85	5.34E+00
-1.84	8.22E+00
-1.83	7.41E+00
-1.82	6.44E+00
-1.81	5.19E+00
-1.8	4.02E+00
-1.79	3.00E+00
-1.78	2.37E+00
-1.77	1.91E+00
-1.76	1.61E+00
-1.75	1.48E+00
-1.74	1.43E+00
-1.73	1.34E+00
-1.72	1.50E+00
-1.71	1.83E+00
-1.7	3.15E+00
-1.69	4.56E+00
-1.68	4.77E+00
-1.67	5.75E+00
-1.66	8.74E+00
-1.65	4.41E+00
-1.64	4.04E+00
-1.63	4.32E+00
-1.62	5.08E+00
-1.61	5.91E+00
-1.6	5.68E+00
-1.59	5.70E+00
-1.58	5.91E+00
-1.57	5.27E+00
-1.56	4.84E+00
-1.55	4.76E+00
-1.54	4.69E+00
-1.53	4.65E+00
-1.52	4.61E+00
-1.51	4.60E+00
-1.5	4.59E+00
-1.49	5.36E+00
-1.48	2.34E+00
-1.47	2.50E+00
-1.46	3.50E+00
-1.45	3.72E+00
-1.44	2.85E+00
-1.43	2.57E+00
-1.42	2.90E+00
-1.41	4.27E+00
-1.4	2.72E+00
-1.39	2.91E+00
-1.38	3.05E+00
-1.37	3.16E+00
-1.36	6.35E+00
-1.35	5.62E+00
-1.34	4.91E+00
-1.33	4.23E+00
-1.32	3.53E+00
-1.31	2.84E+00
-1.3	2.16E+00
-1.29	1.48E+00
-1.28	1.02E+00
-1.27	9.27E-01
-1.26	8.50E-01
-1.25	7.85E-01
-1.24	7.34E-01
-1.23	6.96E-01
-1.22	8.65E-01
-1.21	1.08E+00
-1.2	1.32E+00
-1.19	1.57E+00
-1.18	1.57E+00
-1.17	1.78E+00
-1.16	2.19E+00
-1.15	5.96E+00
-1.14	1.21E+00
-1.13	1.17E+00
-1.12	1.03E+00
-1.11	8.36E-01
-1.1	8.44E-01
-1.09	8.45E-01
-1.08	8.42E-01
-1.07	8.33E-01
-1.06	8.19E-01
-1.05	8.00E-01
-1.04	7.75E-01
-1.03	7.45E-01
-1.02	7.09E-01
-1.01	7.18E-01
-1	7.38E-01
-0.99	7.58E-01
-0.98	7.77E-01
-0.97	7.96E-01
-0.96	8.14E-01
-0.95	6.49E-01
-0.94	5.63E-01
-0.93	5.67E-01
-0.92	6.94E-01
-0.91	9.43E-01
-0.9	1.38E+00
-0.89	3.31E+00
-0.88	8.61E-01
-0.87	4.81E-01
-0.86	2.82E+00
-0.85	1.34E+00
-0.84	1.23E+00
-0.83	1.11E+00
-0.82	1.00E+00
-0.81	8.89E-01
-0.8	7.75E-01
-0.79	6.61E-01
-0.78	5.46E-01
-0.77	4.56E-01
-0.76	5.00E-01
-0.75	5.51E-01
-0.74	6.00E-01
-0.73	6.50E-01
-0.72	7.01E-01
-0.71	7.51E-01
-0.7	8.02E-01
-0.69	8.54E-01
-0.68	9.07E-01
-0.67	9.60E-01
-0.66	1.01E+00
-0.65	1.07E+00
-0.64	1.12E+00
-0.63	6.26E-01
-0.62	6.24E-01
-0.61	6.22E-01
-0.6	6.19E-01
-0.59	6.17E-01
-0.58	6.15E-01
-0.57	6.14E-01
-0.56	6.11E-01
-0.55	6.01E-01
-0.54	5.88E-01
-0.53	5.71E-01
-0.52	5.56E-01
-0.51	5.40E-01
-0.5	5.24E-01
-0.49	5.08E-01
-0.48	4.92E-01
-0.47	4.76E-01
-0.46	4.60E-01
-0.45	4.45E-01
-0.44	4.29E-01
-0.43	4.13E-01
-0.42	3.97E-01
-0.41	3.87E-01
-0.4	3.82E-01
-0.39	3.78E-01
-0.38	3.74E-01
-0.37	3.70E-01
-0.36	3.65E-01
-0.35	3.61E-01
-0.34	3.57E-01
-0.33	3.53E-01
-0.32	3.49E-01
-0.31	3.44E-01
-0.3	3.40E-01
-0.29	3.36E-01
-0.28	3.31E-01
-0.27	3.27E-01
-0.26	2.64E-01
-0.25	2.48E-01
-0.24	2.33E-01
-0.23	2.18E-01
-0.22	2.04E-01
-0.21	1.90E-01
-0.2	1.76E-01
-0.19	1.63E-01
-0.18	1.50E-01
-0.17	1.38E-01
-0.16	1.26E-01
-0.15	1.14E-01
-0.14	1.02E-01
-0.13	9.10E-02
-0.12	8.02E-02
-0.11	6.98E-02
-0.1	5.96E-02
-0.09	5.00E-02
-0.08	4.06E-02
-0.07	3.16E-02
-0.06	2.29E-02
-0.05	1.46E-02
-0.04	6.64E-03
-0.03	0.00E+00
-0.02	0.00E+00
-0.01	0.00E+00
0	0.00E+00
0.01	0.00E+00
0.02	0.00E+00
0.03	0.00E+00
0.04	0.00E+00
0.05	0.00E+00
0.06	0.00E+00
0.07	2.73E-03
0.08	1.64E-02
0.09	2.96E-02
0.1	4.84E-02
0.11	7.56E-02
0.12	1.02E-01
0.13	1.28E-01
0.14	1.53E-01
0.15	1.77E-01
0.16	2.01E-01
0.17	2.23E-01
0.18	2.45E-01
0.19	2.67E-01
0.2	2.87E-01
0.21	3.07E-01
0.22	3.26E-01
0.23	3.44E-01
0.24	3.61E-01
0.25	3.78E-01
0.26	3.94E-01
0.27	7.69E-01
0.28	7.63E-01
0.29	8.13E-01
0.3	8.13E-01
0.31	8.14E-01
0.32	8.14E-01
0.33	9.19E-01
0.34	1.46E+00
0.35	2.17E+00
0.36	2.87E+00
0.37	1.67E+00
0.38	1.60E+00
0.39	1.55E+00
0.4	9.59E-01
0.41	4.22E-01
0.42	4.30E-01
0.43	1.69E+00
0.44	1.71E+00
0.45	1.77E+00
0.46	3.32E+00
0.47	1.64E-02
0.48	1.72E-02
0.49	1.81E-02
0.5	1.90E-02
0.51	1.99E-02
0.52	2.09E-02
0.53	2.19E-02
0.54	2.28E-02
0.55	2.38E-02
0.56	2.49E-02
0.57	2.59E-02
0.58	8.97E-02
0.59	1.72E-01
0.6	4.82E-01
0.61	1.22E+00
0.62	3.10E+00
0.63	7.40E+00
0.64	1.85E+00
0.65	1.73E+00
0.66	1.87E+00
0.67	2.64E+00
0.68	2.43E+00
0.69	2.21E+00
0.7	2.06E+00
0.71	1.91E+00
0.72	1.60E+00
0.73	1.49E+00
0.74	1.81E+00
0.75	2.91E+00
0.76	2.37E+00
0.77	3.74E-01
0.78	2.61E-02
0.79	2.60E-02
0.8	2.58E-02
0.81	2.57E-02
0.82	2.56E-02
0.83	2.55E-02
0.84	2.53E-02
0.85	2.52E-02
0.86	2.50E-02
0.87	2.49E-02
0.88	2.48E-02
0.89	2.47E-02
0.9	2.45E-02
0.91	2.44E-02
0.92	2.43E-02
0.93	2.41E-02
0.94	2.40E-02
0.95	2.38E-02
0.96	2.37E-02
0.97	2.36E-02
0.98	2.34E-02
0.99	2.33E-02
1	2.32E-02
1.01	2.30E-02
1.02	2.29E-02
1.03	2.27E-02
1.04	2.26E-02
1.05	2.24E-02
1.06	2.23E-02
1.07	4.15E-02
1.08	1.19E-01
1.09	1.83E-01
1.1	7.06E-02
1.11	7.78E-02
1.12	8.50E-02
1.13	9.53E-02
1.14	1.06E-01
1.15	1.24E-01
1.16	1.61E-01
1.17	2.13E-01
1.18	2.83E-01
1.19	3.66E-01
1.2	4.66E-01
1.21	4.17E-01
1.22	4.75E-01
1.23	5.41E-01
1.24	5.06E-01
1.25	3.61E-01
1.26	2.44E-01
1.27	2.60E-01
1.28	2.79E-01
1.29	3.02E-01
1.3	3.29E-01
1.31	3.34E-01
1.32	3.08E-01
1.33	3.34E-01
1.34	3.77E-01
1.35	4.02E-01
1.36	4.26E-01
1.37	4.48E-01
1.38	4.68E-01
1.39	4.88E-01
1.4	5.11E-01
1.41	5.32E-01
1.42	5.52E-01
1.43	5.72E-01
1.44	7.58E-01
1.45	7.08E-01
1.46	6.64E-01
1.47	6.26E-01
1.48	5.92E-01
1.49	5.58E-01
1.5	5.37E-01
1.51	5.53E-01
1.52	1.08E+00
1.53	1.02E+00
1.54	9.21E-01
1.55	7.82E-01
1.56	7.81E-01
1.57	8.58E-01
1.58	1.12E+00
1.59	9.13E-01
1.6	1.09E+00
1.61	1.29E+00
1.62	1.32E+00
1.63	1.14E+00
1.64	9.83E-01
1.65	8.37E-01
1.66	7.00E-01
1.67	7.37E-01
1.68	6.46E-01
1.69	7.61E-01
1.7	8.55E-01
1.71	9.29E-01
1.72	2.97E+00
1.73	2.41E-01
1.74	6.95E-01
1.75	6.47E-01
1.76	5.89E-01
1.77	5.22E-01
1.78	4.55E-01
1.79	3.98E-01
1.8	1.54E+00
1.81	5.08E-01
1.82	4.74E-01
1.83	4.74E-01
1.84	4.83E-01
1.85	4.93E-01
1.86	5.32E-01
1.87	5.74E-01
1.88	5.76E-01
1.89	5.97E-01
1.9	6.33E-01
1.91	6.80E-01
1.92	7.12E-01
1.93	7.19E-01
1.94	7.80E-01
1.95	9.17E-01
1.96	1.04E+00
1.97	1.17E+00
1.98	6.74E-01
1.99	9.41E-01
2	7.91E-01
2.01	6.84E-01
2.02	4.61E-01
2.03	4.44E-01
2.04	9.90E-01
2.05	1.54E+00
2.06	1.34E+00
2.07	1.15E+00
2.08	1.04E+00
2.09	9.56E-01
2.1	8.85E-01
2.11	8.46E-01
2.12	1.19E+00
2.13	8.78E-01
2.14	6.39E-01
2.15	4.74E-01
2.16	4.17E-01
2.17	4.23E-01
2.18	4.34E-01
2.19	9.44E-01
2.2	1.16E+00
2.21	1.54E+00
2.22	2.09E+00
2.23	8.96E-01
2.24	8.63E-01
2.25	1.88E+00
2.26	1.56E+00
2.27	1.03E+00
2.28	9.72E-01
2.29	1.00E+00
2.3	1.04E+00
2.31	8.62E-01
2.32	8.50E-01
2.33	8.31E-01
2.34	8.06E-01
2.35	7.83E-01
2.36	7.62E-01
2.37	7.48E-01
2.38	7.45E-01
2.39	7.42E-01
2.4	7.36E-01
2.41	7.32E-01
2.42	6.33E-01
2.43	6.48E-01
2.44	6.54E-01
2.45	6.53E-01
2.46	6.45E-01
2.47	1.64E+00
2.48	1.45E+00
2.49	1.23E+00
2.5	9.82E-01
2.51	7.09E-01
2.52	4.09E-01
2.53	3.26E-01
2.54	2.53E-01
2.55	1.86E-01
2.56	1.52E-01
2.57	1.18E-01
2.58	8.24E-02
2.59	4.55E-02
2.6	7.33E-03
2.61	0.00E+00
 
