-15.23	0.00E+00
-15.22	1.55E+00
-15.21	3.09E+00
-15.2	2.26E+00
-15.19	2.38E+00
-15.18	2.51E+00
-15.17	2.62E+00
-15.16	2.75E+00
-15.15	2.87E+00
-15.14	2.91E+00
-15.13	2.76E+00
-15.12	2.60E+00
-15.11	2.51E+00
-15.1	2.57E+00
-15.09	2.63E+00
-15.08	2.69E+00
-15.07	2.75E+00
-15.06	2.81E+00
-15.05	2.86E+00
-15.04	2.92E+00
-15.03	2.98E+00
-15.02	5.92E+00
-15.01	4.72E+00
-15	    3.52E+00
-14.99	2.33E+00
-14.98	1.26E+00
-14.97	1.09E+00
-14.96	9.17E-01
-14.95	8.48E-01
-14.94	9.23E-01
-14.93	9.98E-01
-14.92	1.07E+00
-14.91	1.15E+00
-14.9	1.32E+00
-14.89	1.56E+00
-14.88	1.80E+00
-14.87	3.86E+00
-14.86	9.05E+00
-14.85	1.93E+00
-14.84	1.95E+00
-14.83	1.98E+00
-14.82	2.01E+00
-14.81	2.03E+00
-14.8	2.05E+00
-14.79	2.07E+00
-14.78	2.09E+00
-14.77	2.12E+00
-14.76	2.15E+00
-14.75	2.18E+00
-14.74	2.20E+00
-14.73	2.23E+00
-14.72	2.25E+00
-14.71	2.29E+00
-14.7	2.32E+00
-14.69	2.34E+00
-14.68	2.37E+00
-14.67	3.23E+00
-14.66	3.09E+00
-14.65	2.96E+00
-14.64	2.82E+00
-14.63	2.70E+00
-14.62	2.60E+00
-14.61	2.50E+00
-14.6	2.53E+00
-14.59	2.55E+00
-14.58	2.58E+00
-14.57	2.61E+00
-14.56	2.64E+00
-14.55	2.67E+00
-14.54	2.70E+00
-14.53	2.73E+00
-14.52	2.75E+00
-14.51	2.26E+00
-14.5	2.28E+00
-14.49	2.29E+00
-14.48	2.30E+00
-14.47	2.32E+00
-14.46	2.33E+00
-14.45	2.22E+00
-14.44	2.20E+00
-14.43	2.18E+00
-14.42	2.25E+00
-14.41	2.25E+00
-14.4	2.24E+00
-14.39	2.24E+00
-14.38	2.25E+00
-14.37	2.25E+00
-14.36	2.24E+00
-14.35	2.24E+00
-14.34	2.71E+00
-14.33	4.01E+00
-14.32	3.80E+00
-14.31	3.59E+00
-14.3	3.37E+00
-14.29	3.17E+00
-14.28	2.96E+00
-14.27	2.75E+00
-14.26	2.54E+00
-14.25	2.33E+00
-14.24	2.13E+00
-14.23	1.92E+00
-14.22	1.72E+00
-14.21	1.61E+00
-14.2	1.56E+00
-14.19	1.52E+00
-14.18	1.53E+00
-14.17	3.74E+00
-14.16	3.23E+00
-14.15	2.73E+00
-14.14	2.22E+00
-14.13	1.72E+00
-14.12	1.22E+00
-14.11	1.33E+00
-14.1	1.58E+00
-14.09	1.82E+00
-14.08	2.07E+00
-14.07	2.30E+00
-14.06	2.55E+00
-14.05	2.79E+00
-14.04	3.04E+00
-14.03	3.27E+00
-14.02	3.52E+00
-14.01	2.13E+00
-14	    1.84E+00
-13.99	1.86E+00
-13.98	1.87E+00
-13.97	1.88E+00
-13.96	1.89E+00
-13.95	1.91E+00
-13.94	1.92E+00
-13.93	1.94E+00
-13.92	1.95E+00
-13.91	1.96E+00
-13.9	1.97E+00
-13.89	1.98E+00
-13.88	2.00E+00
-13.87	3.01E+00
-13.86	6.18E+00
-13.85	9.35E+00
-13.84	2.20E+00
-13.83	2.20E+00
-13.82	2.20E+00
-13.81	2.20E+00
-13.8	2.20E+00
-13.79	2.20E+00
-13.78	2.20E+00
-13.77	2.19E+00
-13.76	2.23E+00
-13.75	2.27E+00
-13.74	2.31E+00
-13.73	2.35E+00
-13.72	2.39E+00
-13.71	2.43E+00
-13.7	2.47E+00
-13.69	2.52E+00
-13.68	2.56E+00
-13.67	2.60E+00
-13.66	2.64E+00
-13.65	2.68E+00
-13.64	2.70E+00
-13.63	2.72E+00
-13.62	2.75E+00
-13.61	2.81E+00
-13.6	2.87E+00
-13.59	2.93E+00
-13.58	2.98E+00
-13.57	3.04E+00
-13.56	3.10E+00
-13.55	3.15E+00
-13.54	3.21E+00
-13.53	3.87E+00
-13.52	3.30E+00
-13.51	2.74E+00
-13.5	2.18E+00
-13.49	1.61E+00
-13.48	1.09E+00
-13.47	2.23E+00
-13.46	3.40E+00
-13.45	3.49E+00
-13.44	3.26E+00
-13.43	3.04E+00
-13.42	2.80E+00
-13.41	2.57E+00
-13.4	2.35E+00
-13.39	2.12E+00
-13.38	9.94E-01
-13.37	1.02E+00
-13.36	1.05E+00
-13.35	1.08E+00
-13.34	1.11E+00
-13.33	1.14E+00
-13.32	1.17E+00
-13.31	1.20E+00
-13.3	1.23E+00
-13.29	1.26E+00
-13.28	1.29E+00
-13.27	1.32E+00
-13.26	1.35E+00
-13.25	1.37E+00
-13.24	1.40E+00
-13.23	3.67E+00
-13.22	3.69E+00
-13.21	3.69E+00
-13.2	3.70E+00
-13.19	3.71E+00
-13.18	3.72E+00
-13.17	3.00E+00
-13.16	1.93E+00
-13.15	1.49E+00
-13.14	1.90E+00
-13.13	2.32E+00
-13.12	2.73E+00
-13.11	3.14E+00
-13.1	3.55E+00
-13.09	3.97E+00
-13.08	9.10E+00
-13.07	4.90E+00
-13.06	3.38E+00
-13.05	3.08E+00
-13.04	2.79E+00
-13.03	2.49E+00
-13.02	2.25E+00
-13.01	2.00E+00
-13	    1.76E+00
-12.99	1.55E+00
-12.98	1.58E+00
-12.97	1.61E+00
-12.96	1.63E+00
-12.95	1.81E+00
-12.94	1.99E+00
-12.93	2.18E+00
-12.92	2.38E+00
-12.91	2.57E+00
-12.9	2.77E+00
-12.89	2.96E+00
-12.88	3.16E+00
-12.87	3.36E+00
-12.86	3.55E+00
-12.85	3.75E+00
-12.84	3.94E+00
-12.83	4.14E+00
-12.82	3.38E+00
-12.81	3.37E+00
-12.8	3.40E+00
-12.79	6.22E+00
-12.78	3.24E+00
-12.77	3.06E+00
-12.76	3.05E+00
-12.75	3.04E+00
-12.74	3.02E+00
-12.73	2.96E+00
-12.72	2.91E+00
-12.71	2.86E+00
-12.7	2.80E+00
-12.69	2.75E+00
-12.68	2.70E+00
-12.67	2.64E+00
-12.66	2.58E+00
-12.65	2.52E+00
-12.64	2.52E+00
-12.63	2.53E+00
-12.62	2.53E+00
-12.61	2.54E+00
-12.6	2.54E+00
-12.59	2.55E+00
-12.58	3.28E+00
-12.57	3.32E+00
-12.56	3.35E+00
-12.55	3.39E+00
-12.54	3.42E+00
-12.53	3.45E+00
-12.52	3.48E+00
-12.51	3.52E+00
-12.5	3.55E+00
-12.49	3.58E+00
-12.48	3.62E+00
-12.47	3.66E+00
-12.46	3.71E+00
-12.45	5.36E+00
-12.44	7.03E+00
-12.43	8.72E+00
-12.42	6.70E+00
-12.41	5.86E+00
-12.4	5.15E+00
-12.39	4.46E+00
-12.38	4.38E+00
-12.37	3.88E+00
-12.36	3.39E+00
-12.35	3.02E+00
-12.34	2.74E+00
-12.33	2.63E-01
-12.32	3.43E-01
-12.31	6.04E-01
-12.3	9.27E-01
-12.29	1.48E+00
-12.28	2.03E+00
-12.27	2.58E+00
-12.26	3.41E+00
-12.25	4.33E+00
-12.24	5.26E+00
-12.23	6.19E+00
-12.22	7.82E+00
-12.21	1.12E+01
-12.2	7.70E+00
-12.19	7.33E+00
-12.18	6.97E+00
-12.17	6.61E+00
-12.16	6.24E+00
-12.15	5.99E+00
-12.14	6.38E+00
-12.13	6.76E+00
-12.12	7.16E+00
-12.11	6.00E+00
-12.1	5.86E+00
-12.09	1.04E+01
-12.08	1.01E+01
-12.07	4.68E+00
-12.06	4.39E+00
-12.05	4.09E+00
-12.04	3.80E+00
-12.03	3.50E+00
-12.02	3.19E+00
-12.01	2.90E+00
-12	    2.62E+00
-11.99	2.52E+00
-11.98	2.40E+00
-11.97	2.30E+00
-11.96	2.21E+00
-11.95	2.29E+00
-11.94	2.85E+00
-11.93	3.50E+00
-11.92	4.15E+00
-11.91	4.81E+00
-11.9	5.46E+00
-11.89	6.12E+00
-11.88	3.03E+00
-11.87	3.12E+00
-11.86	3.21E+00
-11.85	3.29E+00
-11.84	3.36E+00
-11.83	3.59E+00
-11.82	3.64E+00
-11.81	3.52E+00
-11.8	3.38E+00
-11.79	3.26E+00
-11.78	3.13E+00
-11.77	2.99E+00
-11.76	2.86E+00
-11.75	2.72E+00
-11.74	2.65E+00
-11.73	2.65E+00
-11.72	2.66E+00
-11.71	2.65E+00
-11.7	2.66E+00
-11.69	2.66E+00
-11.68	2.66E+00
-11.67	2.67E+00
-11.66	3.75E+00
-11.65	3.07E+00
-11.64	2.37E+00
-11.63	1.68E+00
-11.62	9.78E-01
-11.61	2.74E-01
-11.6	0.00E+00
-11.59	0.00E+00
-11.58	0.00E+00
-11.57	0.00E+00
-11.56	0.00E+00
-11.55	0.00E+00
-11.54	0.00E+00
-11.53	0.00E+00
-11.52	0.00E+00
-11.51	0.00E+00
-11.5	0.00E+00
-11.49	0.00E+00
-11.48	0.00E+00
-11.47	0.00E+00
-11.46	0.00E+00
-11.45	0.00E+00
-11.44	0.00E+00
-11.43	0.00E+00
-11.42	0.00E+00
-11.41	0.00E+00
-11.4	0.00E+00
-11.39	0.00E+00
-11.38	0.00E+00
-11.37	0.00E+00
-11.36	0.00E+00
-11.35	0.00E+00
-11.34	0.00E+00
-11.33	0.00E+00
-11.32	0.00E+00
-11.31	2.37E-04
-11.3	7.59E-04
-11.29	1.34E-03
-11.28	9.17E-04
-11.27	1.01E-03
-11.26	1.11E-03
-11.25	1.22E-03
-11.24	1.33E-03
-11.23	1.44E-03
-11.22	1.56E-03
-11.21	1.59E-03
-11.2	1.57E-03
-11.19	1.54E-03
-11.18	1.57E-03
-11.17	1.65E-03
-11.16	1.74E-03
-11.15	1.83E-03
-11.14	1.92E-03
-11.13	2.02E-03
-11.12	2.12E-03
-11.11	2.22E-03
-11.1	2.32E-03
-11.09	2.43E-03
-11.08	4.89E-03
-11.07	4.22E-03
-11.06	3.49E-03
-11.05	2.71E-03
-11.04	1.89E-03
-11.03	1.15E-03
-11.02	1.05E-03
-11.01	9.58E-04
-11	    1.05E-03
-10.99	1.14E-03
-10.98	1.23E-03
-10.97	1.33E-03
-10.96	1.42E-03
-10.95	1.53E-03
-10.94	1.66E-03
-10.93	1.93E-03
-10.92	3.64E-03
-10.91	7.10E-03
-10.9	1.08E-02
-10.89	2.42E-03
-10.88	2.49E-03
-10.87	2.56E-03
-10.86	2.63E-03
-10.85	2.71E-03
-10.84	2.79E-03
-10.83	2.86E-03
-10.82	2.93E-03
-10.81	3.01E-03
-10.8	3.08E-03
-10.79	3.17E-03
-10.78	3.26E-03
-10.77	3.35E-03
-10.76	3.44E-03
-10.75	3.52E-03
-10.74	3.62E-03
-10.73	3.71E-03
-10.72	3.81E-03
-10.71	3.91E-03
-10.7	4.01E-03
-10.69	5.65E-03
-10.68	5.47E-03
-10.67	5.28E-03
-10.66	5.10E-03
-10.65	4.91E-03
-10.64	4.77E-03
-10.63	4.63E-03
-10.62	4.69E-03
-10.61	4.80E-03
-10.6	4.91E-03
-10.59	5.02E-03
-10.58	5.13E-03
-10.57	5.25E-03
-10.56	5.36E-03
-10.55	5.48E-03
-10.54	5.60E-03
-10.53	5.72E-03
-10.52	5.84E-03
-10.51	4.77E-03
-10.5	4.86E-03
-10.49	4.94E-03
-10.48	5.03E-03
-10.47	5.11E-03
-10.46	5.20E-03
-10.45	5.22E-03
-10.44	5.12E-03
-10.43	5.15E-03
-10.42	5.22E-03
-10.41	5.37E-03
-10.4	5.43E-03
-10.39	5.50E-03
-10.38	5.56E-03
-10.37	5.63E-03
-10.36	5.69E-03
-10.35	5.77E-03
-10.34	5.84E-03
-10.33	7.14E-03
-10.32	1.06E-02
-10.31	1.01E-02
-10.3	9.67E-03
-10.29	9.23E-03
-10.28	8.78E-03
-10.27	8.34E-03
-10.26	7.88E-03
-10.25	7.44E-03
-10.24	6.99E-03
-10.23	6.52E-03
-10.22	6.07E-03
-10.21	5.61E-03
-10.2	5.16E-03
-10.19	4.87E-03
-10.18	4.78E-03
-10.17	4.86E-03
-10.16	5.00E-03
-10.15	5.16E-03
-10.14	1.25E-02
-10.13	1.10E-02
-10.12	9.42E-03
-10.11	7.68E-03
-10.1	5.83E-03
-10.09	4.33E-03
-10.08	5.07E-03
-10.07	5.98E-03
-10.06	6.91E-03
-10.05	7.88E-03
-10.04	8.88E-03
-10.03	9.91E-03
-10.02	1.10E-02
-10.01	1.20E-02
-10	    1.32E-02
-9.99	1.43E-02
-9.98	7.25E-03
-9.97	7.39E-03
-9.96	7.52E-03
-9.95	7.67E-03
-9.94	7.81E-03
-9.93	7.94E-03
-9.92	8.09E-03
-9.91	8.22E-03
-9.9	8.36E-03
-9.89	8.51E-03
-9.88	8.65E-03
-9.87	8.80E-03
-9.86	8.94E-03
-9.85	9.08E-03
-9.84	9.24E-03
-9.83	9.39E-03
-9.82	1.09E-02
-9.81	2.73E-02
-9.8	4.59E-02
-9.79	1.10E-02
-9.78	1.12E-02
-9.77	1.13E-02
-9.76	1.14E-02
-9.75	1.16E-02
-9.74	1.17E-02
-9.73	1.19E-02
-9.72	1.21E-02
-9.71	1.24E-02
-9.7	1.27E-02
-9.69	1.29E-02
-9.68	1.32E-02
-9.67	1.35E-02
-9.66	1.37E-02
-9.65	1.40E-02
-9.64	1.43E-02
-9.63	1.44E-02
-9.62	1.46E-02
-9.61	1.50E-02
-9.6	1.54E-02
-9.59	1.58E-02
-9.58	1.62E-02
-9.57	1.67E-02
-9.56	1.71E-02
-9.55	1.76E-02
-9.54	1.79E-02
-9.53	1.84E-02
-9.52	1.88E-02
-9.51	1.93E-02
-9.5	1.98E-02
-9.49	2.14E-02
-9.48	2.31E-02
-9.47	2.47E-02
-9.46	2.64E-02
-9.45	3.53E-02
-9.44	1.77E-02
-9.43	1.93E-02
-9.42	2.30E-02
-9.41	2.78E-02
-9.4	3.28E-02
-9.39	1.82E-02
-9.38	2.03E-02
-9.37	2.26E-02
-9.36	2.89E-02
-9.35	2.86E-02
-9.34	2.86E-02
-9.33	2.87E-02
-9.32	2.87E-02
-9.31	2.85E-02
-9.3	2.85E-02
-9.29	2.82E-02
-9.28	2.80E-02
-9.27	2.76E-02
-9.26	3.97E-02
-9.25	6.79E-02
-9.24	9.82E-02
-9.23	1.31E-01
-9.22	1.69E-01
-9.21	2.08E-01
-9.2	5.30E-01
-9.19	2.18E-01
-9.18	1.99E-01
-9.17	1.82E-01
-9.16	1.68E-01
-9.15	1.43E-01
-9.14	1.31E-01
-9.13	1.21E-01
-9.12	1.13E-01
-9.11	1.06E-01
-9.1	9.35E-02
-9.09	5.56E-02
-9.08	6.02E-02
-9.07	6.82E-02
-9.06	7.57E-02
-9.05	3.15E-01
-9.04	3.19E-01
-9.03	3.29E-01
-9.02	3.21E-01
-9.01	2.74E-01
-9	    2.35E-01
-8.99	2.21E-01
-8.98	2.10E-01
-8.97	2.04E-01
-8.96	2.03E-01
-8.95	2.08E-01
-8.94	2.18E-01
-8.93	2.30E-01
-8.92	2.46E-01
-8.91	2.68E-01
-8.9	2.92E-01
-8.89	3.16E-01
-8.88	3.41E-01
-8.87	4.14E-01
-8.86	4.81E-01
-8.85	5.36E-01
-8.84	5.79E-01
-8.83	4.52E-01
-8.82	4.49E-01
-8.81	4.38E-01
-8.8	3.86E-01
-8.79	3.69E-01
-8.78	3.42E-01
-8.77	3.10E-01
-8.76	2.90E-01
-8.75	2.72E-01
-8.74	2.55E-01
-8.73	2.47E-01
-8.72	2.45E-01
-8.71	2.38E-01
-8.7	2.29E-01
-8.69	2.22E-01
-8.68	2.15E-01
-8.67	2.06E-01
-8.66	1.97E-01
-8.65	1.92E-01
-8.64	2.23E-01
-8.63	2.55E-01
-8.62	2.89E-01
-8.61	3.24E-01
-8.6	1.37E+00
-8.59	1.04E+00
-8.58	7.94E-01
-8.57	7.35E-01
-8.56	5.54E-01
-8.55	3.50E-01
-8.54	2.44E-01
-8.53	2.50E-01
-8.52	2.55E-01
-8.51	2.61E-01
-8.5	2.76E-01
-8.49	3.10E-01
-8.48	3.49E-01
-8.47	3.93E-01
-8.46	4.43E-01
-8.45	4.97E-01
-8.44	5.56E-01
-8.43	5.63E-01
-8.42	5.59E-01
-8.41	5.53E-01
-8.4	5.47E-01
-8.39	5.39E-01
-8.38	5.30E-01
-8.37	5.20E-01
-8.36	1.30E+00
-8.35	6.49E-01
-8.34	3.01E-01
-8.33	3.07E-01
-8.32	3.14E-01
-8.31	3.21E-01
-8.3	3.28E-01
-8.29	3.35E-01
-8.28	3.42E-01
-8.27	3.49E-01
-8.26	3.56E-01
-8.25	3.63E-01
-8.24	6.49E-01
-8.23	6.29E-01
-8.22	6.09E-01
-8.21	5.88E-01
-8.2	5.67E-01
-8.19	5.46E-01
-8.18	5.24E-01
-8.17	5.03E-01
-8.16	7.53E-01
-8.15	7.08E-01
-8.14	6.61E-01
-8.13	6.14E-01
-8.12	5.67E-01
-8.11	5.20E-01
-8.1	4.72E-01
-8.09	4.23E-01
-8.08	3.74E-01
-8.07	3.25E-01
-8.06	2.75E-01
-8.05	2.26E-01
-8.04	1.83E-01
-8.03	1.43E-01
-8.02	1.05E-01
-8.01	1.64E-01
-8	    2.29E-01
-7.99	2.56E-01
-7.98	2.45E-01
-7.97	2.00E-01
-7.96	1.29E-01
-7.95	1.69E-01
-7.94	2.14E-01
-7.93	2.42E-01
-7.92	2.50E-01
-7.91	2.39E-01
-7.9	2.48E-01
-7.89	2.73E-01
-7.88	2.97E-01
-7.87	3.22E-01
-7.86	3.46E-01
-7.85	3.70E-01
-7.84	3.94E-01
-7.83	4.17E-01
-7.82	4.41E-01
-7.81	4.63E-01
-7.8	4.86E-01
-7.79	5.11E-01
-7.78	5.39E-01
-7.77	5.68E-01
-7.76	5.99E-01
-7.75	6.30E-01
-7.74	6.62E-01
-7.73	6.96E-01
-7.72	7.31E-01
-7.71	7.67E-01
-7.7	8.03E-01
-7.69	5.37E-01
-7.68	5.29E-01
-7.67	7.90E-01
-7.66	5.90E-01
-7.65	5.01E-01
-7.64	4.24E-01
-7.63	3.60E-01
-7.62	3.10E-01
-7.61	2.72E-01
-7.6	2.76E-01
-7.59	6.90E-01
-7.58	2.36E-01
-7.57	2.25E-01
-7.56	2.17E-01
-7.55	2.13E-01
-7.54	2.11E-01
-7.53	2.13E-01
-7.52	2.17E-01
-7.51	2.22E-01
-7.5	2.26E-01
-7.49	2.31E-01
-7.48	2.33E-01
-7.47	2.42E-01
-7.46	2.53E-01
-7.45	2.66E-01
-7.44	2.80E-01
-7.43	2.97E-01
-7.42	3.15E-01
-7.41	3.35E-01
-7.4	3.56E-01
-7.39	3.85E-01
-7.38	4.21E-01
-7.37	4.65E-01
-7.36	5.16E-01
-7.35	5.76E-01
-7.34	6.46E-01
-7.33	7.24E-01
-7.32	7.92E-01
-7.31	6.91E-01
-7.3	6.05E-01
-7.29	1.28E+00
-7.28	9.14E-01
-7.27	6.38E-01
-7.26	4.55E-01
-7.25	3.58E-01
-7.24	3.13E-01
-7.23	2.70E-01
-7.22	2.27E-01
-7.21	1.84E-01
-7.2	1.43E-01
-7.19	1.07E-01
-7.18	9.36E-02
-7.17	9.24E-02
-7.16	9.20E-02
-7.15	9.32E-02
-7.14	9.59E-02
-7.13	1.00E-01
-7.12	1.07E-01
-7.11	1.14E-01
-7.1	1.21E-01
-7.09	1.28E-01
-7.08	1.35E-01
-7.07	1.42E-01
-7.06	1.49E-01
-7.05	1.56E-01
-7.04	1.63E-01
-7.03	1.69E-01
-7.02	1.76E-01
-7.01	1.82E-01
-7	    1.88E-01
-6.99	1.94E-01
-6.98	2.00E-01
-6.97	2.05E-01
-6.96	2.58E-01
-6.95	4.12E-01
-6.94	6.18E-01
-6.93	9.54E-01
-6.92	8.72E-01
-6.91	3.71E-01
-6.9	2.52E-01
-6.89	2.64E-01
-6.88	2.76E-01
-6.87	2.88E-01
-6.86	2.99E-01
-6.85	3.09E-01
-6.84	3.18E-01
-6.83	3.28E-01
-6.82	3.37E-01
-6.81	3.45E-01
-6.8	3.53E-01
-6.79	3.61E-01
-6.78	3.67E-01
-6.77	3.73E-01
-6.76	3.79E-01
-6.75	3.84E-01
-6.74	3.88E-01
-6.73	1.08E+00
-6.72	8.84E-01
-6.71	7.29E-01
-6.7	6.09E-01
-6.69	5.14E-01
-6.68	4.42E-01
-6.67	3.94E-01
-6.66	3.71E-01
-6.65	3.63E-01
-6.64	3.50E-01
-6.63	3.34E-01
-6.62	3.12E-01
-6.61	2.87E-01
-6.6	2.60E-01
-6.59	2.38E-01
-6.58	2.51E-01
-6.57	2.43E-01
-6.56	2.37E-01
-6.55	2.34E-01
-6.54	2.32E-01
-6.53	2.29E-01
-6.52	2.25E-01
-6.51	2.23E-01
-6.5	2.20E-01
-6.49	2.18E-01
-6.48	2.17E-01
-6.47	2.16E-01
-6.46	2.15E-01
-6.45	2.14E-01
-6.44	2.15E-01
-6.43	2.15E-01
-6.42	2.15E-01
-6.41	2.16E-01
-6.4	2.18E-01
-6.39	2.20E-01
-6.38	2.22E-01
-6.37	2.24E-01
-6.36	2.27E-01
-6.35	2.31E-01
-6.34	2.34E-01
-6.33	2.42E-01
-6.32	2.63E-01
-6.31	2.57E-01
-6.3	4.52E-01
-6.29	1.09E+00
-6.28	4.67E-01
-6.27	4.49E-01
-6.26	4.35E-01
-6.25	4.22E-01
-6.24	4.11E-01
-6.23	4.03E-01
-6.22	3.97E-01
-6.21	3.93E-01
-6.2	5.17E-01
-6.19	4.45E-01
-6.18	3.76E-01
-6.17	3.09E-01
-6.16	5.97E+00
-6.15	4.57E-01
-6.14	5.61E-01
-6.13	4.96E-01
-6.12	1.70E-01
-6.11	1.44E-01
-6.1	1.21E-01
-6.09	1.00E-01
-6.08	8.15E-02
-6.07	6.48E-02
-6.06	5.02E-02
-6.05	3.79E-02
-6.04	2.77E-02
-6.03	2.06E-02
-6.02	1.79E-02
-6.01	2.06E-02
-6	    2.35E-02
-5.99	2.62E-02
-5.98	2.92E-02
-5.97	3.33E-02
-5.96	3.81E-02
-5.95	4.36E-02
-5.94	4.99E-02
-5.93	5.69E-02
-5.92	5.52E-02
-5.91	9.28E-02
-5.9	1.20E-01
-5.89	1.37E-01
-5.88	1.43E-01
-5.87	1.39E-01
-5.86	1.24E-01
-5.85	2.87E-01
-5.84	4.10E-01
-5.83	2.67E-01
-5.82	2.09E-01
-5.81	2.23E-01
-5.8	2.35E-01
-5.79	2.49E-01
-5.78	2.66E-01
-5.77	2.81E-01
-5.76	2.96E-01
-5.75	3.09E-01
-5.74	3.21E-01
-5.73	3.32E-01
-5.72	3.43E-01
-5.71	3.52E-01
-5.7	3.60E-01
-5.69	3.69E-01
-5.68	3.85E-01
-5.67	4.07E-01
-5.66	4.38E-01
-5.65	4.76E-01
-5.64	5.21E-01
-5.63	3.00E+00
-5.62	1.12E+00
-5.61	2.93E-01
-5.6	1.75E-01
-5.59	2.13E-01
-5.58	2.54E-01
-5.57	2.93E-01
-5.56	3.31E-01
-5.55	1.57E-01
-5.54	1.56E-01
-5.53	1.55E-01
-5.52	1.53E-01
-5.51	1.52E-01
-5.5	1.52E-01
-5.49	1.52E-01
-5.48	1.54E-01
-5.47	1.66E-01
-5.46	1.67E-01
-5.45	1.71E-01
-5.44	1.76E-01
-5.43	1.96E-01
-5.42	1.97E-01
-5.41	1.81E-01
-5.4	1.81E-01
-5.39	1.80E-01
-5.38	1.79E-01
-5.37	1.79E-01
-5.36	1.80E-01
-5.35	1.83E-01
-5.34	1.84E-01
-5.33	1.86E-01
-5.32	1.87E-01
-5.31	1.90E-01
-5.3	1.93E-01
-5.29	1.95E-01
-5.28	1.97E-01
-5.27	2.00E-01
-5.26	2.04E-01
-5.25	2.09E-01
-5.24	2.14E-01
-5.23	2.19E-01
-5.22	2.62E-01
-5.21	2.35E-01
-5.2	2.43E-01
-5.19	2.51E-01
-5.18	2.61E-01
-5.17	2.83E-01
-5.16	3.04E-01
-5.15	3.24E-01
-5.14	3.41E-01
-5.13	3.64E-01
-5.12	3.93E-01
-5.11	4.16E-01
-5.1	4.34E-01
-5.09	4.46E-01
-5.08	4.51E-01
-5.07	4.52E-01
-5.06	4.47E-01
-5.05	4.36E-01
-5.04	4.27E-01
-5.03	3.81E-01
-5.02	2.92E-01
-5.01	1.84E-01
-5	    1.86E-01
-4.99	1.88E-01
-4.98	1.86E-01
-4.97	1.82E-01
-4.96	1.77E-01
-4.95	1.72E-01
-4.94	1.67E-01
-4.93	1.63E-01
-4.92	1.59E-01
-4.91	1.56E-01
-4.9	1.52E-01
-4.89	1.50E-01
-4.88	1.30E-01
-4.87	1.30E-01
-4.86	1.30E-01
-4.85	1.29E-01
-4.84	1.29E-01
-4.83	1.29E-01
-4.82	1.28E-01
-4.81	1.28E-01
-4.8	1.28E-01
-4.79	1.27E-01
-4.78	1.27E-01
-4.77	1.27E-01
-4.76	1.26E-01
-4.75	1.26E-01
-4.74	1.25E-01
-4.73	1.25E-01
-4.72	1.25E-01
-4.71	3.47E-01
-4.7	1.74E-01
-4.69	6.77E-02
-4.68	7.53E-02
-4.67	9.17E-02
-4.66	1.05E-01
-4.65	1.15E-01
-4.64	1.22E-01
-4.63	1.25E-01
-4.62	1.26E-01
-4.61	1.23E-01
-4.6	1.17E-01
-4.59	1.08E-01
-4.58	9.71E-02
-4.57	1.08E-01
-4.56	1.37E-01
-4.55	1.47E-01
-4.54	1.47E-01
-4.53	1.74E-01
-4.52	1.94E-01
-4.51	2.12E-01
-4.5	2.45E-01
-4.49	4.04E-01
-4.48	6.59E-01
-4.47	9.77E-01
-4.46	3.49E-01
-4.45	2.91E-01
-4.44	2.39E-01
-4.43	1.92E-01
-4.42	1.51E-01
-4.41	1.17E-01
-4.4	8.83E-02
-4.39	6.62E-02
-4.38	5.02E-02
-4.37	4.03E-02
-4.36	3.73E-02
-4.35	4.20E-02
-4.34	4.75E-02
-4.33	5.33E-02
-4.32	6.20E-02
-4.31	7.16E-02
-4.3	8.20E-02
-4.29	1.36E-01
-4.28	1.97E-01
-4.27	2.35E-01
-4.26	2.33E-01
-4.25	2.37E-01
-4.24	2.12E-01
-4.23	1.55E-01
-4.22	9.47E-02
-4.21	4.31E-02
-4.2	1.05E-01
-4.19	3.67E-02
-4.18	1.29E-02
-4.17	1.01E-02
-4.16	1.24E-02
-4.15	1.68E-02
-4.14	2.33E-02
-4.13	3.18E-02
-4.12	4.25E-02
-4.11	3.23E-02
-4.1	3.98E-02
-4.09	4.88E-02
-4.08	5.92E-02
-4.07	6.78E-02
-4.06	7.96E-02
-4.05	9.24E-02
-4.04	1.06E-01
-4.03	1.21E-01
-4.02	1.37E-01
-4.01	1.56E-01
-4	    3.33E-01
-3.99	4.96E-01
-3.98	3.89E-01
-3.97	2.74E-01
-3.96	1.84E-01
-3.95	1.20E-01
-3.94	8.17E-02
-3.93	7.04E-02
-3.92	8.30E-02
-3.91	5.62E-02
-3.9	4.70E-02
-3.89	4.33E-02
-3.88	4.10E-02
-3.87	5.34E-02
-3.86	7.00E-02
-3.85	8.80E-02
-3.84	1.05E-01
-3.83	1.18E-01
-3.82	1.24E-01
-3.81	1.35E-01
-3.8	1.43E-01
-3.79	1.64E-01
-3.78	1.55E-01
-3.77	1.25E-01
-3.76	1.16E-01
-3.75	1.15E-01
-3.74	1.12E-01
-3.73	1.08E-01
-3.72	1.05E-01
-3.71	1.01E-01
-3.7	9.64E-02
-3.69	9.13E-02
-3.68	8.51E-02
-3.67	7.91E-02
-3.66	7.33E-02
-3.65	6.79E-02
-3.64	5.99E-02
-3.63	4.83E-02
-3.62	3.76E-02
-3.61	2.93E-02
-3.6	3.68E-02
-3.59	4.48E-02
-3.58	5.31E-02
-3.57	6.15E-02
-3.56	2.69E-02
-3.55	2.93E-02
-3.54	3.70E-02
-3.53	4.37E-02
-3.52	5.47E-02
-3.51	6.72E-02
-3.5	7.83E-02
-3.49	8.82E-02
-3.48	9.71E-02
-3.47	1.05E-01
-3.46	1.11E-01
-3.45	1.17E-01
-3.44	1.21E-01
-3.43	1.45E-01
-3.42	1.20E-01
-3.41	1.11E-01
-3.4	1.10E-01
-3.39	1.07E-01
-3.38	6.86E-02
-3.37	6.47E-02
-3.36	6.09E-02
-3.35	5.73E-02
-3.34	5.39E-02
-3.33	5.06E-02
-3.32	4.76E-02
-3.31	4.47E-02
-3.3	4.28E-02
-3.29	3.76E-02
-3.28	3.28E-02
-3.27	3.16E-02
-3.26	3.13E-02
-3.25	3.33E-02
-3.24	2.36E-02
-3.23	2.14E-02
-3.22	1.91E-02
-3.21	1.70E-02
-3.2	1.50E-02
-3.19	1.32E-02
-3.18	1.15E-02
-3.17	9.89E-03
-3.16	8.35E-03
-3.15	6.38E-03
-3.14	4.52E-03
-3.13	3.06E-03
-3.12	1.84E-03
-3.11	5.26E-03
-3.1	1.33E-02
-3.09	2.56E-02
-3.08	4.20E-02
-3.07	6.25E-02
-3.06	8.72E-02
-3.05	5.58E-02
-3.04	5.63E-02
-3.03	5.79E-02
-3.02	5.91E-02
-3.01	5.96E-02
-3	    6.10E-02
-2.99	5.79E-02
-2.98	5.59E-02
-2.97	5.32E-02
-2.96	4.97E-02
-2.95	4.53E-02
-2.94	3.71E-02
-2.93	3.09E-02
-2.92	2.94E-02
-2.91	2.79E-02
-2.9	2.63E-02
-2.89	2.48E-02
-2.88	2.33E-02
-2.87	2.18E-02
-2.86	2.01E-02
-2.85	1.87E-02
-2.84	1.73E-02
-2.83	1.60E-02
-2.82	1.50E-02
-2.81	1.43E-02
-2.8	1.16E-02
-2.79	1.06E-02
-2.78	7.84E-03
-2.77	8.29E-03
-2.76	8.77E-03
-2.75	9.27E-03
-2.74	9.81E-03
-2.73	1.04E-02
-2.72	1.10E-02
-2.71	1.16E-02
-2.7	1.22E-02
-2.69	1.29E-02
-2.68	1.36E-02
-2.67	1.35E-02
-2.66	1.20E-02
-2.65	1.06E-02
-2.64	9.36E-03
-2.63	8.23E-03
-2.62	7.23E-03
-2.61	6.36E-03
-2.6	5.63E-03
-2.59	5.02E-03
-2.58	4.55E-03
-2.57	4.39E-03
-2.56	4.29E-03
-2.55	3.99E-03
-2.54	3.49E-03
-2.53	3.42E-03
-2.52	3.46E-03
-2.51	3.52E-03
-2.5	3.57E-03
-2.49	3.62E-03
-2.48	3.68E-03
-2.47	3.74E-03
-2.46	3.79E-03
-2.45	3.83E-03
-2.44	3.91E-03
-2.43	4.02E-03
-2.42	4.17E-03
-2.41	4.31E-03
-2.4	4.45E-03
-2.39	4.60E-03
-2.38	4.74E-03
-2.37	4.77E-03
-2.36	4.74E-03
-2.35	4.53E-03
-2.34	4.85E-03
-2.33	6.82E-03
-2.32	3.81E-03
-2.31	3.71E-03
-2.3	3.62E-03
-2.29	3.54E-03
-2.28	3.46E-03
-2.27	3.38E-03
-2.26	3.89E-03
-2.25	3.72E-03
-2.24	3.58E-03
-2.23	3.48E-03
-2.22	4.60E-03
-2.21	4.24E-03
-2.2	3.56E-03
-2.19	3.23E-03
-2.18	2.60E-03
-2.17	2.25E-03
-2.16	2.45E-03
-2.15	2.77E-03
-2.14	3.13E-03
-2.13	3.45E-03
-2.12	3.75E-03
-2.11	4.24E-03
-2.1	9.81E-03
-2.09	4.91E-03
-2.08	5.96E-03
-2.07	7.10E-03
-2.06	8.83E-03
-2.05	9.88E-03
-2.04	1.10E-02
-2.03	1.21E-02
-2.02	8.03E-02
-2.01	2.89E-02
-2	    2.57E-02
-1.99	3.18E-02
-1.98	3.83E-02
-1.97	4.55E-02
-1.96	5.00E-02
-1.95	5.56E-02
-1.94	4.03E-02
-1.93	3.80E-02
-1.92	1.38E-02
-1.91	1.18E-02
-1.9	1.07E-02
-1.89	9.06E-03
-1.88	7.41E-03
-1.87	1.05E-02
-1.86	3.10E-03
-1.85	7.38E-03
-1.84	6.56E-03
-1.83	6.99E-03
-1.82	1.30E-02
-1.81	1.43E-02
-1.8	1.53E-02
-1.79	1.60E-02
-1.78	1.63E-02
-1.77	1.63E-02
-1.76	1.58E-02
-1.75	1.52E-02
-1.74	1.67E-02
-1.73	1.79E-02
-1.72	2.01E-02
-1.71	2.04E-02
-1.7	3.09E-02
-1.69	3.74E-02
-1.68	1.33E-02
-1.67	9.85E-03
-1.66	5.44E-02
-1.65	3.84E-02
-1.64	2.16E-02
-1.63	1.50E-02
-1.62	1.36E-02
-1.61	1.03E-02
-1.6	7.26E-03
-1.59	6.56E-03
-1.58	5.95E-03
-1.57	5.71E-03
-1.56	6.33E-03
-1.55	7.38E-03
-1.54	8.45E-03
-1.53	9.53E-03
-1.52	1.06E-02
-1.51	1.17E-02
-1.5	1.28E-02
-1.49	2.92E-02
-1.48	6.30E-03
-1.47	1.22E-02
-1.46	2.32E-02
-1.45	2.93E-02
-1.44	3.17E-02
-1.43	2.53E-02
-1.42	2.44E-02
-1.41	4.30E-02
-1.4	9.49E-03
-1.39	9.10E-03
-1.38	8.74E-03
-1.37	8.42E-03
-1.36	9.17E-03
-1.35	9.26E-03
-1.34	9.37E-03
-1.33	1.00E-02
-1.32	1.02E-02
-1.31	1.04E-02
-1.3	1.05E-02
-1.29	1.07E-02
-1.28	1.09E-02
-1.27	1.12E-02
-1.26	1.14E-02
-1.25	1.17E-02
-1.24	1.19E-02
-1.23	1.21E-02
-1.22	1.69E-02
-1.21	2.16E-02
-1.2	2.58E-02
-1.19	2.92E-02
-1.18	2.86E-02
-1.17	4.21E-02
-1.16	4.95E-02
-1.15	1.46E-01
-1.14	2.90E-02
-1.13	2.67E-02
-1.12	2.30E-02
-1.11	1.85E-02
-1.1	1.86E-02
-1.09	1.85E-02
-1.08	1.84E-02
-1.07	1.81E-02
-1.06	1.78E-02
-1.05	1.74E-02
-1.04	1.68E-02
-1.03	1.62E-02
-1.02	1.55E-02
-1.01	1.58E-02
-1	    1.63E-02
-0.99	1.69E-02
-0.98	1.75E-02
-0.97	1.80E-02
-0.96	1.86E-02
-0.95	1.46E-02
-0.94	1.28E-02
-0.93	1.42E-02
-0.92	1.79E-02
-0.91	2.43E-02
-0.9	3.48E-02
-0.89	7.66E-02
-0.88	2.06E-02
-0.87	1.17E-02
-0.86	5.78E-02
-0.85	2.78E-02
-0.84	2.55E-02
-0.83	2.33E-02
-0.82	2.10E-02
-0.81	1.86E-02
-0.8	1.62E-02
-0.79	1.38E-02
-0.78	1.14E-02
-0.77	9.55E-03
-0.76	1.06E-02
-0.75	1.22E-02
-0.74	1.32E-02
-0.73	1.43E-02
-0.72	1.53E-02
-0.71	1.64E-02
-0.7	1.74E-02
-0.69	1.85E-02
-0.68	1.95E-02
-0.67	2.06E-02
-0.66	2.17E-02
-0.65	2.27E-02
-0.64	2.38E-02
-0.63	1.30E-02
-0.62	1.29E-02
-0.61	1.29E-02
-0.6	1.28E-02
-0.59	1.28E-02
-0.58	1.27E-02
-0.57	1.27E-02
-0.56	1.26E-02
-0.55	1.24E-02
-0.54	1.21E-02
-0.53	1.17E-02
-0.52	1.14E-02
-0.51	1.10E-02
-0.5	1.07E-02
-0.49	1.03E-02
-0.48	1.00E-02
-0.47	9.65E-03
-0.46	9.32E-03
-0.45	8.98E-03
-0.44	8.63E-03
-0.43	8.30E-03
-0.42	7.97E-03
-0.41	7.75E-03
-0.4	7.66E-03
-0.39	7.57E-03
-0.38	7.48E-03
-0.37	7.38E-03
-0.36	7.30E-03
-0.35	7.21E-03
-0.34	7.12E-03
-0.33	7.03E-03
-0.32	6.94E-03
-0.31	6.84E-03
-0.3	6.76E-03
-0.29	6.67E-03
-0.28	6.57E-03
-0.27	6.49E-03
-0.26	5.17E-03
-0.25	4.87E-03
-0.24	4.57E-03
-0.23	4.28E-03
-0.22	4.00E-03
-0.21	3.72E-03
-0.2	3.45E-03
-0.19	3.19E-03
-0.18	2.94E-03
-0.17	2.69E-03
-0.16	2.45E-03
-0.15	2.21E-03
-0.14	1.99E-03
-0.13	1.77E-03
-0.12	1.56E-03
-0.11	1.35E-03
-0.1	1.16E-03
-0.09	9.68E-04
-0.08	7.85E-04
-0.07	6.10E-04
-0.06	4.42E-04
-0.05	2.81E-04
-0.04	1.28E-04
-0.03	0.00E+00
-0.02	0.00E+00
-0.01	0.00E+00
0	    0.00E+00
0.01	0.00E+00
0.02	0.00E+00
0.03	0.00E+00
0.04	0.00E+00
0.05	0.00E+00
0.06	0.00E+00
0.07	4.56E-05
0.08	2.74E-04
0.09	4.96E-04
0.1	    8.19E-04
0.11	1.30E-03
0.12	1.79E-03
0.13	2.27E-03
0.14	2.74E-03
0.15	3.19E-03
0.16	3.63E-03
0.17	4.04E-03
0.18	4.45E-03
0.19	4.83E-03
0.2	    5.21E-03
0.21	5.56E-03
0.22	5.91E-03
0.23	6.24E-03
0.24	6.54E-03
0.25	6.84E-03
0.26	7.12E-03
0.27	1.38E-02
0.28	1.40E-02
0.29	1.51E-02
0.3	    1.54E-02
0.31	1.56E-02
0.32	1.58E-02
0.33	1.84E-02
0.34	3.84E-02
0.35	6.81E-02
0.36	9.64E-02
0.37	4.88E-02
0.38	4.68E-02
0.39	4.47E-02
0.4	    2.76E-02
0.41	7.18E-03
0.42	7.27E-03
0.43	2.74E-02
0.44	2.90E-02
0.45	3.20E-02
0.46	6.54E-02
0.47	7.46E-04
0.48	7.57E-04
0.49	7.67E-04
0.5	    7.76E-04
0.51	7.85E-04
0.52	7.94E-04
0.53	8.02E-04
0.54	8.09E-04
0.55	8.16E-04
0.56	8.22E-04
0.57	8.28E-04
0.58	1.97E-03
0.59	3.92E-03
0.6	    1.81E-02
0.61	5.22E-02
0.62	1.23E-01
0.63	3.21E-01
0.64	6.69E-02
0.65	6.04E-02
0.66	6.49E-02
0.67	8.10E-02
0.68	6.86E-02
0.69	6.02E-02
0.7	    5.41E-02
0.71	4.65E-02
0.72	3.53E-02
0.73	3.02E-02
0.74	3.49E-02
0.75	5.44E-02
0.76	3.58E-02
0.77	5.82E-03
0.78	1.02E-03
0.79	1.04E-03
0.8	    1.06E-03
0.81	1.08E-03
0.82	1.09E-03
0.83	1.11E-03
0.84	1.13E-03
0.85	1.15E-03
0.86	1.17E-03
0.87	1.19E-03
0.88	1.21E-03
0.89	1.22E-03
0.9	    1.24E-03
0.91	1.26E-03
0.92	1.28E-03
0.93	1.30E-03
0.94	1.32E-03
0.95	1.34E-03
0.96	1.36E-03
0.97	1.38E-03
0.98	1.40E-03
0.99	1.42E-03
1	    1.44E-03
1.01	1.46E-03
1.02	1.48E-03
1.03	1.50E-03
1.04	1.52E-03
1.05	1.54E-03
1.06	1.56E-03
1.07	4.67E-03
1.08	1.67E-02
1.09	2.57E-02
1.1	    8.93E-03
1.11	9.89E-03
1.12	1.09E-02
1.13	1.34E-02
1.14	1.60E-02
1.15	2.15E-02
1.16	3.37E-02
1.17	4.83E-02
1.18	6.43E-02
1.19	8.19E-02
1.2	    1.01E-01
1.21	7.14E-02
1.22	7.05E-02
1.23	7.06E-02
1.24	6.50E-02
1.25	5.27E-02
1.26	4.22E-02
1.27	4.37E-02
1.28	4.52E-02
1.29	4.76E-02
1.3	    5.00E-02
1.31	5.00E-02
1.32	4.20E-02
1.33	4.24E-02
1.34	4.45E-02
1.35	4.35E-02
1.36	4.26E-02
1.37	4.19E-02
1.38	4.11E-02
1.39	4.06E-02
1.4	    4.03E-02
1.41	4.00E-02
1.42	3.99E-02
1.43	3.99E-02
1.44	4.90E-02
1.45	4.84E-02
1.46	4.86E-02
1.47	4.96E-02
1.48	5.09E-02
1.49	4.83E-02
1.5	    4.57E-02
1.51	4.57E-02
1.52	6.18E-02
1.53	5.85E-02
1.54	5.38E-02
1.55	4.77E-02
1.56	5.18E-02
1.57	6.00E-02
1.58	7.27E-02
1.59	6.05E-02
1.6	    7.16E-02
1.61	7.58E-02
1.62	7.45E-02
1.63	6.88E-02
1.64	6.29E-02
1.65	5.68E-02
1.66	4.29E-02
1.67	3.94E-02
1.68	3.13E-02
1.69	3.79E-02
1.7	    4.59E-02
1.71	5.53E-02
1.72	1.61E-01
1.73	2.97E-02
1.74	1.42E-01
1.75	1.18E-01
1.76	9.81E-02
1.77	8.19E-02
1.78	6.95E-02
1.79	5.68E-02
1.8	    3.64E-01
1.81	6.07E-02
1.82	5.80E-02
1.83	7.08E-02
1.84	8.33E-02
1.85	9.33E-02
1.86	1.06E-01
1.87	1.13E-01
1.88	1.11E-01
1.89	1.11E-01
1.9	    1.87E-01
1.91	2.61E-01
1.92	3.28E-01
1.93	2.60E-01
1.94	2.77E-01
1.95	3.07E-01
1.96	3.48E-01
1.97	4.00E-01
1.98	2.81E-01
1.99	3.28E-01
2	    3.21E-01
2.01	3.20E-01
2.02	1.88E-01
2.03	1.62E-01
2.04	1.98E-01
2.05	2.05E-01
2.06	1.65E-01
2.07	1.30E-01
2.08	1.06E-01
2.09	8.64E-02
2.1	    6.97E-02
2.11	5.56E-02
2.12	5.62E-02
2.13	4.73E-02
2.14	3.93E-02
2.15	3.25E-02
2.16	2.90E-02
2.17	2.88E-02
2.18	2.97E-02
2.19	6.10E-02
2.2	    8.81E-02
2.21	1.12E-01
2.22	1.34E-01
2.23	5.66E-02
2.24	5.61E-02
2.25	1.35E-01
2.26	1.05E-01
2.27	8.16E-02
2.28	8.21E-02
2.29	8.61E-02
2.3	    9.03E-02
2.31	7.92E-02
2.32	7.95E-02
2.33	7.95E-02
2.34	7.89E-02
2.35	7.88E-02
2.36	7.91E-02
2.37	7.98E-02
2.38	8.12E-02
2.39	8.22E-02
2.4	    8.31E-02
2.41	8.41E-02
2.42	7.45E-02
2.43	7.65E-02
2.44	7.80E-02
2.45	7.89E-02
2.46	7.92E-02
2.47	2.10E-01
2.48	1.74E-01
2.49	1.40E-01
2.5	    1.10E-01
2.51	8.29E-02
2.52	5.83E-02
2.53	5.00E-02
2.54	4.19E-02
2.55	3.38E-02
2.56	2.84E-02
2.57	2.25E-02
2.58	1.60E-02
2.59	9.01E-03
2.6	    1.48E-03
2.61	0.00E+00
 
