-15.23	0.00E+00
-15.22	6.12E-05
-15.21	1.24E-04
-15.2	9.22E-05
-15.19	9.86E-05
-15.18	1.05E-04
-15.17	1.11E-04
-15.16	1.17E-04
-15.15	1.24E-04
-15.14	1.27E-04
-15.13	1.21E-04
-15.12	1.15E-04
-15.11	1.12E-04
-15.1	1.15E-04
-15.09	1.18E-04
-15.08	1.22E-04
-15.07	1.25E-04
-15.06	1.27E-04
-15.05	1.30E-04
-15.04	1.34E-04
-15.03	1.36E-04
-15.02	2.73E-04
-15.01	2.17E-04
-15	1.63E-04
-14.99	1.08E-04
-14.98	5.91E-05
-14.97	5.11E-05
-14.96	4.32E-05
-14.95	4.01E-05
-14.94	4.39E-05
-14.93	4.77E-05
-14.92	5.13E-05
-14.91	5.47E-05
-14.9	6.28E-05
-14.89	7.39E-05
-14.88	8.50E-05
-14.87	1.63E-04
-14.86	3.92E-04
-14.85	9.13E-05
-14.84	9.27E-05
-14.83	9.40E-05
-14.82	9.53E-05
-14.81	9.64E-05
-14.8	9.74E-05
-14.79	9.84E-05
-14.78	9.91E-05
-14.77	9.99E-05
-14.76	1.01E-04
-14.75	1.01E-04
-14.74	1.02E-04
-14.73	1.03E-04
-14.72	1.03E-04
-14.71	1.04E-04
-14.7	1.04E-04
-14.69	1.04E-04
-14.68	1.05E-04
-14.67	1.42E-04
-14.66	1.35E-04
-14.65	1.28E-04
-14.64	1.22E-04
-14.63	1.16E-04
-14.62	1.11E-04
-14.61	1.06E-04
-14.6	1.07E-04
-14.59	1.07E-04
-14.58	1.08E-04
-14.57	1.08E-04
-14.56	1.09E-04
-14.55	1.10E-04
-14.54	1.10E-04
-14.53	1.11E-04
-14.52	1.11E-04
-14.51	9.05E-05
-14.5	9.05E-05
-14.49	9.04E-05
-14.48	9.02E-05
-14.47	9.01E-05
-14.46	8.99E-05
-14.45	8.52E-05
-14.44	8.45E-05
-14.43	8.38E-05
-14.42	8.63E-05
-14.41	8.58E-05
-14.4	8.53E-05
-14.39	8.48E-05
-14.38	8.43E-05
-14.37	8.37E-05
-14.36	8.32E-05
-14.35	8.27E-05
-14.34	9.88E-05
-14.33	1.46E-04
-14.32	1.37E-04
-14.31	1.29E-04
-14.3	1.20E-04
-14.29	1.12E-04
-14.28	1.04E-04
-14.27	9.56E-05
-14.26	8.77E-05
-14.25	8.00E-05
-14.24	7.24E-05
-14.23	6.49E-05
-14.22	5.79E-05
-14.21	5.37E-05
-14.2	5.17E-05
-14.19	4.97E-05
-14.18	4.98E-05
-14.17	1.20E-04
-14.16	1.03E-04
-14.15	8.62E-05
-14.14	6.97E-05
-14.13	5.34E-05
-14.12	3.76E-05
-14.11	4.07E-05
-14.1	4.79E-05
-14.09	5.48E-05
-14.08	6.16E-05
-14.07	6.83E-05
-14.06	7.48E-05
-14.05	8.11E-05
-14.04	8.73E-05
-14.03	9.34E-05
-14.02	9.93E-05
-14.01	6.08E-05
-14	5.20E-05
-13.99	5.20E-05
-13.98	5.20E-05
-13.97	5.19E-05
-13.96	5.19E-05
-13.95	5.18E-05
-13.94	5.17E-05
-13.93	5.16E-05
-13.92	5.16E-05
-13.91	5.14E-05
-13.9	5.14E-05
-13.89	5.12E-05
-13.88	5.11E-05
-13.87	7.47E-05
-13.86	1.52E-04
-13.85	2.31E-04
-13.84	5.44E-05
-13.83	5.40E-05
-13.82	5.36E-05
-13.81	5.31E-05
-13.8	5.27E-05
-13.79	5.23E-05
-13.78	5.19E-05
-13.77	5.14E-05
-13.76	5.18E-05
-13.75	5.24E-05
-13.74	5.29E-05
-13.73	5.35E-05
-13.72	5.39E-05
-13.71	5.44E-05
-13.7	5.49E-05
-13.69	5.53E-05
-13.68	5.57E-05
-13.67	5.62E-05
-13.66	5.65E-05
-13.65	5.69E-05
-13.64	5.69E-05
-13.63	5.68E-05
-13.62	5.71E-05
-13.61	5.78E-05
-13.6	5.84E-05
-13.59	5.90E-05
-13.58	5.96E-05
-13.57	6.02E-05
-13.56	6.08E-05
-13.55	6.14E-05
-13.54	6.19E-05
-13.53	7.38E-05
-13.52	6.23E-05
-13.51	5.10E-05
-13.5	4.02E-05
-13.49	2.96E-05
-13.48	2.00E-05
-13.47	4.09E-05
-13.46	6.19E-05
-13.45	6.29E-05
-13.44	5.84E-05
-13.43	5.39E-05
-13.42	4.95E-05
-13.41	4.51E-05
-13.4	4.08E-05
-13.39	3.66E-05
-13.38	1.73E-05
-13.37	1.78E-05
-13.36	1.83E-05
-13.35	1.87E-05
-13.34	1.92E-05
-13.33	1.96E-05
-13.32	2.00E-05
-13.31	2.04E-05
-13.3	2.08E-05
-13.29	2.11E-05
-13.28	2.15E-05
-13.27	2.18E-05
-13.26	2.21E-05
-13.25	2.24E-05
-13.24	2.27E-05
-13.23	5.74E-05
-13.22	5.70E-05
-13.21	5.68E-05
-13.2	5.64E-05
-13.19	5.59E-05
-13.18	5.55E-05
-13.17	4.44E-05
-13.16	2.90E-05
-13.15	2.30E-05
-13.14	2.91E-05
-13.13	3.55E-05
-13.12	4.20E-05
-13.11	4.86E-05
-13.1	5.54E-05
-13.09	6.24E-05
-13.08	1.42E-04
-13.07	7.71E-05
-13.06	4.94E-05
-13.05	4.55E-05
-13.04	4.14E-05
-13.03	3.71E-05
-13.02	3.30E-05
-13.01	2.86E-05
-13	2.43E-05
-12.99	2.02E-05
-12.98	2.01E-05
-12.97	2.03E-05
-12.96	2.04E-05
-12.95	2.15E-05
-12.94	2.28E-05
-12.93	2.42E-05
-12.92	2.57E-05
-12.91	2.73E-05
-12.9	2.89E-05
-12.89	3.07E-05
-12.88	3.25E-05
-12.87	3.44E-05
-12.86	3.64E-05
-12.85	3.84E-05
-12.84	4.06E-05
-12.83	4.28E-05
-12.82	3.47E-05
-12.81	3.34E-05
-12.8	3.28E-05
-12.79	7.24E-05
-12.78	2.91E-05
-12.77	2.58E-05
-12.76	2.55E-05
-12.75	2.53E-05
-12.74	2.52E-05
-12.73	2.50E-05
-12.72	2.47E-05
-12.71	2.45E-05
-12.7	2.42E-05
-12.69	2.40E-05
-12.68	2.36E-05
-12.67	2.31E-05
-12.66	2.26E-05
-12.65	2.21E-05
-12.64	2.21E-05
-12.63	2.21E-05
-12.62	2.21E-05
-12.61	2.21E-05
-12.6	2.21E-05
-12.59	2.20E-05
-12.58	2.86E-05
-12.57	2.87E-05
-12.56	2.87E-05
-12.55	2.87E-05
-12.54	2.87E-05
-12.53	2.87E-05
-12.52	2.87E-05
-12.51	2.86E-05
-12.5	2.86E-05
-12.49	2.85E-05
-12.48	2.85E-05
-12.47	2.85E-05
-12.46	2.87E-05
-12.45	4.15E-05
-12.44	5.41E-05
-12.43	6.63E-05
-12.42	5.04E-05
-12.41	4.33E-05
-12.4	3.68E-05
-12.39	3.08E-05
-12.38	2.95E-05
-12.37	2.56E-05
-12.36	2.20E-05
-12.35	1.96E-05
-12.34	1.79E-05
-12.33	1.04E-06
-12.32	1.54E-06
-12.31	3.22E-06
-12.3	5.38E-06
-12.29	9.35E-06
-12.28	1.32E-05
-12.27	1.70E-05
-12.26	2.24E-05
-12.25	2.85E-05
-12.24	3.43E-05
-12.23	4.02E-05
-12.22	5.00E-05
-12.21	7.11E-05
-12.2	4.96E-05
-12.19	4.73E-05
-12.18	4.50E-05
-12.17	4.26E-05
-12.16	4.02E-05
-12.15	3.83E-05
-12.14	4.00E-05
-12.13	4.16E-05
-12.12	4.31E-05
-12.11	3.61E-05
-12.1	3.47E-05
-12.09	5.89E-05
-12.08	5.69E-05
-12.07	2.54E-05
-12.06	2.33E-05
-12.05	2.13E-05
-12.04	1.93E-05
-12.03	1.73E-05
-12.02	1.54E-05
-12.01	1.35E-05
-12	1.18E-05
-11.99	1.10E-05
-11.98	1.03E-05
-11.97	9.55E-06
-11.96	8.95E-06
-11.95	9.23E-06
-11.94	1.16E-05
-11.93	1.44E-05
-11.92	1.71E-05
-11.91	1.98E-05
-11.9	2.26E-05
-11.89	2.54E-05
-11.88	1.24E-05
-11.87	1.26E-05
-11.86	1.28E-05
-11.85	1.29E-05
-11.84	1.29E-05
-11.83	1.37E-05
-11.82	1.37E-05
-11.81	1.30E-05
-11.8	1.24E-05
-11.79	1.17E-05
-11.78	1.11E-05
-11.77	1.05E-05
-11.76	9.91E-06
-11.75	9.36E-06
-11.74	8.95E-06
-11.73	8.78E-06
-11.72	8.57E-06
-11.71	8.35E-06
-11.7	8.11E-06
-11.69	7.89E-06
-11.68	7.64E-06
-11.67	7.40E-06
-11.66	1.01E-05
-11.65	8.00E-06
-11.64	6.03E-06
-11.63	4.13E-06
-11.62	2.33E-06
-11.61	6.31E-07
-11.6	0.00E+00
-11.59	0.00E+00
-11.58	0.00E+00
-11.57	0.00E+00
-11.56	0.00E+00
-11.55	0.00E+00
-11.54	0.00E+00
-11.53	0.00E+00
-11.52	0.00E+00
-11.51	0.00E+00
-11.5	0.00E+00
-11.49	0.00E+00
-11.48	0.00E+00
-11.47	0.00E+00
-11.46	0.00E+00
-11.45	0.00E+00
-11.44	0.00E+00
-11.43	0.00E+00
-11.42	0.00E+00
-11.41	0.00E+00
-11.4	0.00E+00
-11.39	0.00E+00
-11.38	0.00E+00
-11.37	0.00E+00
-11.36	0.00E+00
-11.35	0.00E+00
-11.34	0.00E+00
-11.33	0.00E+00
-11.32	0.00E+00
-11.31	2.87E-03
-11.3	8.80E-03
-11.29	1.49E-02
-11.28	9.82E-03
-11.27	1.04E-02
-11.26	1.11E-02
-11.25	1.17E-02
-11.24	1.23E-02
-11.23	1.30E-02
-11.22	1.37E-02
-11.21	1.35E-02
-11.2	1.30E-02
-11.19	1.25E-02
-11.18	1.23E-02
-11.17	1.27E-02
-11.16	1.31E-02
-11.15	1.35E-02
-11.14	1.39E-02
-11.13	1.42E-02
-11.12	1.46E-02
-11.11	1.51E-02
-11.1	1.55E-02
-11.09	1.59E-02
-11.08	3.14E-02
-11.07	2.65E-02
-11.06	2.16E-02
-11.05	1.65E-02
-11.04	1.13E-02
-11.03	6.78E-03
-11.02	6.06E-03
-11.01	5.46E-03
-11	5.93E-03
-10.99	6.41E-03
-10.98	6.89E-03
-10.97	7.37E-03
-10.96	7.87E-03
-10.95	8.37E-03
-10.94	9.02E-03
-10.93	1.04E-02
-10.92	1.94E-02
-10.91	3.74E-02
-10.9	5.59E-02
-10.89	1.24E-02
-10.88	1.27E-02
-10.87	1.29E-02
-10.86	1.32E-02
-10.85	1.34E-02
-10.84	1.37E-02
-10.83	1.39E-02
-10.82	1.42E-02
-10.81	1.44E-02
-10.8	1.47E-02
-10.79	1.50E-02
-10.78	1.53E-02
-10.77	1.56E-02
-10.76	1.59E-02
-10.75	1.62E-02
-10.74	1.65E-02
-10.73	1.68E-02
-10.72	1.71E-02
-10.71	1.75E-02
-10.7	1.78E-02
-10.69	2.50E-02
-10.68	2.40E-02
-10.67	2.31E-02
-10.66	2.22E-02
-10.65	2.12E-02
-10.64	2.05E-02
-10.63	1.98E-02
-10.62	1.99E-02
-10.61	2.03E-02
-10.6	2.07E-02
-10.59	2.11E-02
-10.58	2.14E-02
-10.57	2.18E-02
-10.56	2.22E-02
-10.55	2.25E-02
-10.54	2.29E-02
-10.53	2.33E-02
-10.52	2.37E-02
-10.51	1.93E-02
-10.5	1.96E-02
-10.49	1.97E-02
-10.48	2.00E-02
-10.47	2.02E-02
-10.46	2.04E-02
-10.45	2.04E-02
-10.44	1.99E-02
-10.43	1.99E-02
-10.42	2.01E-02
-10.41	2.05E-02
-10.4	2.06E-02
-10.39	2.07E-02
-10.38	2.09E-02
-10.37	2.10E-02
-10.36	2.11E-02
-10.35	2.12E-02
-10.34	2.14E-02
-10.33	2.61E-02
-10.32	3.84E-02
-10.31	3.68E-02
-10.3	3.51E-02
-10.29	3.35E-02
-10.28	3.18E-02
-10.27	3.01E-02
-10.26	2.83E-02
-10.25	2.66E-02
-10.24	2.49E-02
-10.23	2.31E-02
-10.22	2.13E-02
-10.21	1.95E-02
-10.2	1.77E-02
-10.19	1.65E-02
-10.18	1.62E-02
-10.17	1.63E-02
-10.16	1.66E-02
-10.15	1.70E-02
-10.14	4.25E-02
-10.13	3.65E-02
-10.12	3.05E-02
-10.11	2.44E-02
-10.1	1.83E-02
-10.09	1.35E-02
-10.08	1.59E-02
-10.07	1.88E-02
-10.06	2.18E-02
-10.05	2.49E-02
-10.04	2.80E-02
-10.03	3.10E-02
-10.02	3.41E-02
-10.01	3.72E-02
-10	4.04E-02
-9.99	4.36E-02
-9.98	2.24E-02
-9.97	2.27E-02
-9.96	2.30E-02
-9.95	2.32E-02
-9.94	2.35E-02
-9.93	2.38E-02
-9.92	2.40E-02
-9.91	2.44E-02
-9.9	2.46E-02
-9.89	2.49E-02
-9.88	2.52E-02
-9.87	2.55E-02
-9.86	2.58E-02
-9.85	2.61E-02
-9.84	2.63E-02
-9.83	2.66E-02
-9.82	3.09E-02
-9.81	8.26E-02
-9.8	1.35E-01
-9.79	3.07E-02
-9.78	3.09E-02
-9.77	3.11E-02
-9.76	3.13E-02
-9.75	3.16E-02
-9.74	3.18E-02
-9.73	3.21E-02
-9.72	3.27E-02
-9.71	3.32E-02
-9.7	3.38E-02
-9.69	3.43E-02
-9.68	3.49E-02
-9.67	3.55E-02
-9.66	3.60E-02
-9.65	3.66E-02
-9.64	3.71E-02
-9.63	3.74E-02
-9.62	3.77E-02
-9.61	3.85E-02
-9.6	3.94E-02
-9.59	4.04E-02
-9.58	4.12E-02
-9.57	4.22E-02
-9.56	4.31E-02
-9.55	4.40E-02
-9.54	4.50E-02
-9.53	4.59E-02
-9.52	4.68E-02
-9.51	4.78E-02
-9.5	4.89E-02
-9.49	5.26E-02
-9.48	5.64E-02
-9.47	6.02E-02
-9.46	6.39E-02
-9.45	8.61E-02
-9.44	4.11E-02
-9.43	4.48E-02
-9.42	5.31E-02
-9.41	6.48E-02
-9.4	7.69E-02
-9.39	4.30E-02
-9.38	4.78E-02
-9.37	5.28E-02
-9.36	6.66E-02
-9.35	6.21E-02
-9.34	5.85E-02
-9.33	5.51E-02
-9.32	5.18E-02
-9.31	4.85E-02
-9.3	4.51E-02
-9.29	4.18E-02
-9.28	3.83E-02
-9.27	3.50E-02
-9.26	3.16E-02
-9.25	2.88E-02
-9.24	2.72E-02
-9.23	2.89E-02
-9.22	3.53E-02
-9.21	4.18E-02
-9.2	4.90E-02
-9.19	5.89E-02
-9.18	7.06E-02
-9.17	8.15E-02
-9.16	9.15E-02
-9.15	7.44E-02
-9.14	8.00E-02
-9.13	8.47E-02
-9.12	8.86E-02
-9.11	9.17E-02
-9.1	7.83E-02
-9.09	7.39E-03
-9.08	9.81E-04
-9.07	1.81E-03
-9.06	2.74E-03
-9.05	5.49E-03
-9.04	8.11E-03
-9.03	1.12E-02
-9.02	1.48E-02
-9.01	1.77E-02
-9	1.96E-02
-8.99	2.09E-02
-8.98	2.12E-02
-8.97	2.06E-02
-8.96	1.91E-02
-8.95	1.68E-02
-8.94	1.36E-02
-8.93	9.49E-03
-8.92	4.49E-03
-8.91	2.91E-03
-8.9	3.39E-03
-8.89	3.91E-03
-8.88	4.47E-03
-8.87	5.27E-03
-8.86	6.40E-03
-8.85	7.87E-03
-8.84	9.65E-03
-8.83	1.13E-02
-8.82	1.36E-02
-8.81	1.62E-02
-8.8	1.90E-02
-8.79	2.22E-02
-8.78	2.58E-02
-8.77	2.97E-02
-8.76	3.38E-02
-8.75	2.94E-02
-8.74	1.97E-02
-8.73	1.77E-02
-8.72	1.60E-02
-8.71	1.44E-02
-8.7	1.30E-02
-8.69	1.18E-02
-8.68	1.08E-02
-8.67	1.00E-02
-8.66	9.45E-03
-8.65	9.05E-03
-8.64	8.75E-03
-8.63	8.47E-03
-8.62	8.17E-03
-8.61	7.89E-03
-8.6	1.07E-02
-8.59	9.58E-03
-8.58	8.24E-03
-8.57	7.02E-03
-8.56	6.28E-03
-8.55	5.53E-03
-8.54	4.98E-03
-8.53	4.63E-03
-8.52	4.29E-03
-8.51	3.94E-03
-8.5	3.64E-03
-8.49	3.40E-03
-8.48	3.17E-03
-8.47	2.92E-03
-8.46	2.67E-03
-8.45	2.40E-03
-8.44	2.14E-03
-8.43	1.84E-03
-8.42	1.83E-03
-8.41	1.85E-03
-8.4	1.88E-03
-8.39	1.90E-03
-8.38	1.93E-03
-8.37	1.96E-03
-8.36	9.33E-03
-8.35	6.55E-02
-8.34	1.02E-03
-8.33	1.09E-03
-8.32	1.16E-03
-8.31	1.24E-03
-8.3	1.32E-03
-8.29	1.40E-03
-8.28	1.48E-03
-8.27	1.57E-03
-8.26	1.66E-03
-8.25	1.76E-03
-8.24	2.29E-03
-8.23	2.39E-03
-8.22	2.50E-03
-8.21	2.60E-03
-8.2	2.69E-03
-8.19	2.77E-03
-8.18	2.85E-03
-8.17	2.92E-03
-8.16	5.81E-03
-8.15	5.58E-03
-8.14	5.35E-03
-8.13	5.11E-03
-8.12	4.86E-03
-8.11	4.60E-03
-8.1	4.33E-03
-8.09	4.06E-03
-8.08	3.79E-03
-8.07	3.49E-03
-8.06	3.20E-03
-8.05	2.90E-03
-8.04	2.60E-03
-8.03	2.29E-03
-8.02	1.99E-03
-8.01	2.91E-03
-8	8.13E-03
-7.99	1.78E-02
-7.98	3.18E-02
-7.97	5.05E-02
-7.96	7.23E-02
-7.95	3.92E-02
-7.94	3.10E-02
-7.93	2.51E-02
-7.92	2.13E-02
-7.91	1.96E-02
-7.9	1.97E-02
-7.89	2.00E-02
-7.88	2.04E-02
-7.87	2.08E-02
-7.86	2.12E-02
-7.85	2.18E-02
-7.84	2.23E-02
-7.83	2.29E-02
-7.82	2.35E-02
-7.81	2.42E-02
-7.8	2.50E-02
-7.79	2.68E-02
-7.78	2.95E-02
-7.77	3.20E-02
-7.76	3.45E-02
-7.75	3.69E-02
-7.74	3.93E-02
-7.73	4.16E-02
-7.72	4.39E-02
-7.71	4.61E-02
-7.7	4.83E-02
-7.69	4.92E-02
-7.68	5.06E-02
-7.67	5.20E-02
-7.66	5.01E-02
-7.65	5.26E-02
-7.64	5.36E-02
-7.63	5.30E-02
-7.62	5.09E-02
-7.61	4.75E-02
-7.6	7.58E-02
-7.59	1.30E-01
-7.58	5.12E-02
-7.57	5.09E-02
-7.56	5.06E-02
-7.55	5.03E-02
-7.54	5.00E-02
-7.53	4.96E-02
-7.52	5.32E-02
-7.51	5.69E-02
-7.5	6.05E-02
-7.49	6.42E-02
-7.48	4.69E-02
-7.47	4.84E-02
-7.46	4.99E-02
-7.45	5.11E-02
-7.44	5.22E-02
-7.43	5.33E-02
-7.42	5.42E-02
-7.41	5.51E-02
-7.4	5.58E-02
-7.39	5.91E-02
-7.38	6.20E-02
-7.37	6.42E-02
-7.36	6.56E-02
-7.35	6.60E-02
-7.34	6.56E-02
-7.33	6.43E-02
-7.32	6.21E-02
-7.31	5.82E-02
-7.3	5.26E-02
-7.29	9.98E-02
-7.28	9.55E-02
-7.27	7.96E-02
-7.26	5.57E-02
-7.25	2.64E-02
-7.24	2.48E-02
-7.23	2.44E-02
-7.22	2.39E-02
-7.21	2.31E-02
-7.2	2.23E-02
-7.19	2.13E-02
-7.18	2.02E-02
-7.17	9.03E-02
-7.16	8.09E-02
-7.15	7.19E-02
-7.14	6.34E-02
-7.13	5.54E-02
-7.12	4.91E-02
-7.11	4.47E-02
-7.1	4.09E-02
-7.09	3.77E-02
-7.08	3.53E-02
-7.07	3.35E-02
-7.06	3.24E-02
-7.05	3.20E-02
-7.04	3.17E-02
-7.03	3.15E-02
-7.02	3.14E-02
-7.01	3.11E-02
-7	3.09E-02
-6.99	3.08E-02
-6.98	3.06E-02
-6.97	3.05E-02
-6.96	3.05E-02
-6.95	3.22E-02
-6.94	3.70E-02
-6.93	5.39E-02
-6.92	8.41E-02
-6.91	1.24E-01
-6.9	2.81E-02
-6.89	2.95E-02
-6.88	3.07E-02
-6.87	3.19E-02
-6.86	3.32E-02
-6.85	3.44E-02
-6.84	3.13E-02
-6.83	3.24E-02
-6.82	3.36E-02
-6.81	3.47E-02
-6.8	3.58E-02
-6.79	3.69E-02
-6.78	3.80E-02
-6.77	3.91E-02
-6.76	4.02E-02
-6.75	4.12E-02
-6.74	4.22E-02
-6.73	1.99E-01
-6.72	1.49E-01
-6.71	1.19E-01
-6.7	1.03E-01
-6.69	8.52E-02
-6.68	6.47E-02
-6.67	4.11E-02
-6.66	2.72E-02
-6.65	2.44E-02
-6.64	2.28E-02
-6.63	2.15E-02
-6.62	2.05E-02
-6.61	1.99E-02
-6.6	1.97E-02
-6.59	1.98E-02
-6.58	2.03E-02
-6.57	2.09E-02
-6.56	2.14E-02
-6.55	2.43E-02
-6.54	2.47E-02
-6.53	2.50E-02
-6.52	2.54E-02
-6.51	2.59E-02
-6.5	2.64E-02
-6.49	2.70E-02
-6.48	2.76E-02
-6.47	2.83E-02
-6.46	2.90E-02
-6.45	2.98E-02
-6.44	3.06E-02
-6.43	3.16E-02
-6.42	3.24E-02
-6.41	3.35E-02
-6.4	3.44E-02
-6.39	3.56E-02
-6.38	3.67E-02
-6.37	3.79E-02
-6.36	3.91E-02
-6.35	4.04E-02
-6.34	4.18E-02
-6.33	4.48E-02
-6.32	8.96E-02
-6.31	4.31E-02
-6.3	7.04E-02
-6.29	4.97E-02
-6.28	3.61E-02
-6.27	3.53E-02
-6.26	3.35E-02
-6.25	3.06E-02
-6.24	2.68E-02
-6.23	2.19E-02
-6.22	1.69E-02
-6.21	1.35E-02
-6.2	1.27E-02
-6.19	1.30E-02
-6.18	1.33E-02
-6.17	1.36E-02
-6.16	8.73E-01
-6.15	2.62E-02
-6.14	2.24E-02
-6.13	1.89E-02
-6.12	1.50E-02
-6.11	1.22E-02
-6.1	9.71E-03
-6.09	7.62E-03
-6.08	5.93E-03
-6.07	4.61E-03
-6.06	3.68E-03
-6.05	3.13E-03
-6.04	2.97E-03
-6.03	3.19E-03
-6.02	3.62E-03
-6.01	4.66E-03
-6	6.59E-03
-5.99	9.61E-03
-5.98	1.52E-02
-5.97	2.55E-02
-5.96	4.05E-02
-5.95	6.01E-02
-5.94	8.44E-02
-5.93	1.13E-01
-5.92	5.39E-02
-5.91	4.77E-02
-5.9	4.26E-02
-5.89	3.88E-02
-5.88	3.63E-02
-5.87	3.50E-02
-5.86	3.49E-02
-5.85	3.66E-02
-5.84	4.35E-02
-5.83	5.60E-02
-5.82	3.30E-02
-5.81	3.30E-02
-5.8	3.29E-02
-5.79	3.29E-02
-5.78	3.28E-02
-5.77	3.27E-02
-5.76	3.26E-02
-5.75	3.24E-02
-5.74	3.22E-02
-5.73	3.20E-02
-5.72	3.18E-02
-5.71	3.15E-02
-5.7	3.12E-02
-5.69	3.33E-02
-5.68	3.90E-02
-5.67	4.34E-02
-5.66	4.67E-02
-5.65	4.89E-02
-5.64	5.00E-02
-5.63	6.11E-02
-5.62	7.66E-02
-5.61	1.02E-02
-5.6	1.05E-02
-5.59	1.10E-02
-5.58	1.16E-02
-5.57	1.23E-02
-5.56	1.30E-02
-5.55	1.31E-02
-5.54	1.40E-02
-5.53	1.49E-02
-5.52	1.58E-02
-5.51	1.67E-02
-5.5	1.91E-02
-5.49	1.96E-02
-5.48	2.01E-02
-5.47	2.08E-02
-5.46	2.13E-02
-5.45	2.17E-02
-5.44	2.24E-02
-5.43	2.30E-02
-5.42	2.37E-02
-5.41	2.43E-02
-5.4	2.51E-02
-5.39	2.57E-02
-5.38	2.61E-02
-5.37	2.67E-02
-5.36	2.94E-02
-5.35	3.40E-02
-5.34	3.76E-02
-5.33	4.03E-02
-5.32	4.27E-02
-5.31	4.49E-02
-5.3	4.69E-02
-5.29	4.80E-02
-5.28	4.81E-02
-5.27	4.79E-02
-5.26	4.76E-02
-5.25	4.71E-02
-5.24	4.62E-02
-5.23	4.53E-02
-5.22	1.27E-01
-5.21	3.56E-02
-5.2	3.39E-02
-5.19	3.21E-02
-5.18	2.95E-02
-5.17	2.73E-02
-5.16	2.49E-02
-5.15	2.27E-02
-5.14	2.04E-02
-5.13	1.82E-02
-5.12	1.62E-02
-5.11	1.41E-02
-5.1	1.22E-02
-5.09	1.03E-02
-5.08	8.56E-03
-5.07	6.85E-03
-5.06	5.21E-03
-5.05	3.65E-03
-5.04	3.00E-03
-5.03	2.46E-03
-5.02	2.06E-03
-5.01	1.79E-03
-5	1.78E-03
-4.99	1.74E-03
-4.98	1.68E-03
-4.97	1.60E-03
-4.96	1.51E-03
-4.95	1.42E-03
-4.94	1.35E-03
-4.93	1.27E-03
-4.92	1.20E-03
-4.91	1.14E-03
-4.9	1.08E-03
-4.89	1.02E-03
-4.88	8.94E-04
-4.87	8.68E-04
-4.86	8.42E-04
-4.85	8.16E-04
-4.84	7.90E-04
-4.83	7.64E-04
-4.82	7.39E-04
-4.81	7.13E-04
-4.8	6.89E-04
-4.79	6.64E-04
-4.78	6.39E-04
-4.77	6.14E-04
-4.76	5.91E-04
-4.75	5.66E-04
-4.74	5.42E-04
-4.73	5.19E-04
-4.72	4.95E-04
-4.71	1.31E-03
-4.7	6.12E-04
-4.69	3.39E-04
-4.68	4.01E-04
-4.67	6.85E-04
-4.66	1.18E-03
-4.65	1.88E-03
-4.64	2.78E-03
-4.63	3.89E-03
-4.62	5.21E-03
-4.61	6.74E-03
-4.6	8.48E-03
-4.59	1.04E-02
-4.58	2.03E-02
-4.57	4.31E-02
-4.56	5.36E-02
-4.55	5.82E-02
-4.54	7.06E-02
-4.53	8.49E-02
-4.52	5.72E-02
-4.51	4.39E-02
-4.5	4.47E-02
-4.49	5.25E-02
-4.48	6.96E-02
-4.47	5.28E-02
-4.46	3.82E-02
-4.45	4.03E-02
-4.44	3.94E-02
-4.43	3.82E-02
-4.42	3.72E-02
-4.41	3.65E-02
-4.4	3.68E-02
-4.39	3.74E-02
-4.38	3.73E-02
-4.37	3.72E-02
-4.36	3.69E-02
-4.35	3.67E-02
-4.34	3.63E-02
-4.33	3.58E-02
-4.32	3.69E-02
-4.31	4.19E-02
-4.3	5.07E-02
-4.29	6.38E-02
-4.28	8.08E-02
-4.27	1.02E-01
-4.26	1.36E-02
-4.25	2.23E-02
-4.24	1.39E-02
-4.23	8.45E-03
-4.22	4.41E-03
-4.21	1.71E-03
-4.2	3.62E-02
-4.19	6.10E-02
-4.18	2.30E-02
-4.17	4.43E-03
-4.16	1.80E-02
-4.15	3.06E-02
-4.14	3.65E-02
-4.13	3.53E-02
-4.12	2.73E-02
-4.11	1.47E-02
-4.1	1.77E-02
-4.09	2.16E-02
-4.08	2.61E-02
-4.07	1.76E-02
-4.06	1.82E-02
-4.05	1.87E-02
-4.04	1.92E-02
-4.03	1.96E-02
-4.02	1.97E-02
-4.01	1.98E-02
-4	2.43E-02
-3.99	3.87E-02
-3.98	4.99E-02
-3.97	5.15E-02
-3.96	4.46E-02
-3.95	2.89E-02
-3.94	7.81E-03
-3.93	9.47E-03
-3.92	2.07E-02
-3.91	2.16E-02
-3.9	7.39E-03
-3.89	7.76E-03
-3.88	8.34E-03
-3.87	1.20E-02
-3.86	1.63E-02
-3.85	2.12E-02
-3.84	2.67E-02
-3.83	3.02E-02
-3.82	3.83E-02
-3.81	5.12E-02
-3.8	6.75E-02
-3.79	1.13E-01
-3.78	4.27E-02
-3.77	3.26E-02
-3.76	3.82E-02
-3.75	6.58E-02
-3.74	5.21E-02
-3.73	4.15E-02
-3.72	3.44E-02
-3.71	3.04E-02
-3.7	2.98E-02
-3.69	2.99E-02
-3.68	2.99E-02
-3.67	3.32E-02
-3.66	4.43E-02
-3.65	5.81E-02
-3.64	6.51E-02
-3.63	6.59E-02
-3.62	6.79E-02
-3.61	7.16E-02
-3.6	7.24E-02
-3.59	7.21E-02
-3.58	7.07E-02
-3.57	6.40E-02
-3.56	2.42E-02
-3.55	2.38E-02
-3.54	3.39E-02
-3.53	3.42E-02
-3.52	3.36E-02
-3.51	3.22E-02
-3.5	3.14E-02
-3.49	3.15E-02
-3.48	3.22E-02
-3.47	3.38E-02
-3.46	3.60E-02
-3.45	3.86E-02
-3.44	4.15E-02
-3.43	4.55E-02
-3.42	4.50E-02
-3.41	3.27E-02
-3.4	3.38E-02
-3.39	3.49E-02
-3.38	3.58E-02
-3.37	3.73E-02
-3.36	3.86E-02
-3.35	3.97E-02
-3.34	4.09E-02
-3.33	4.19E-02
-3.32	4.27E-02
-3.31	4.36E-02
-3.3	6.14E-02
-3.29	5.24E-02
-3.28	4.43E-02
-3.27	4.66E-02
-3.26	4.08E-02
-3.25	3.66E-02
-3.24	3.45E-02
-3.23	3.40E-02
-3.22	3.45E-02
-3.21	3.61E-02
-3.2	3.81E-02
-3.19	3.99E-02
-3.18	4.13E-02
-3.17	4.24E-02
-3.16	4.29E-02
-3.15	4.13E-02
-3.14	3.80E-02
-3.13	3.45E-02
-3.12	1.75E-02
-3.11	2.81E-02
-3.1	4.03E-02
-3.09	5.00E-02
-3.08	5.41E-02
-3.07	5.29E-02
-3.06	4.68E-02
-3.05	1.05E-01
-3.04	5.81E-02
-3.03	2.75E-02
-3.02	2.48E-02
-3.01	2.29E-02
-3	2.36E-02
-2.99	2.83E-02
-2.98	3.74E-02
-2.97	5.01E-02
-2.96	6.62E-02
-2.95	8.57E-02
-2.94	2.62E-02
-2.93	2.78E-02
-2.92	2.98E-02
-2.91	3.20E-02
-2.9	3.41E-02
-2.89	3.63E-02
-2.88	3.85E-02
-2.87	4.08E-02
-2.86	4.30E-02
-2.85	4.69E-02
-2.84	5.36E-02
-2.83	6.32E-02
-2.82	7.67E-02
-2.81	9.47E-02
-2.8	6.40E-02
-2.79	7.17E-02
-2.78	5.63E-02
-2.77	5.77E-02
-2.76	5.90E-02
-2.75	6.02E-02
-2.74	6.14E-02
-2.73	6.24E-02
-2.72	6.32E-02
-2.71	6.40E-02
-2.7	6.47E-02
-2.69	6.53E-02
-2.68	6.57E-02
-2.67	6.66E-02
-2.66	7.18E-02
-2.65	7.50E-02
-2.64	7.79E-02
-2.63	8.01E-02
-2.62	8.18E-02
-2.61	8.30E-02
-2.6	8.36E-02
-2.59	8.36E-02
-2.58	8.30E-02
-2.57	7.90E-02
-2.56	8.04E-02
-2.55	8.08E-02
-2.54	8.02E-02
-2.53	8.04E-02
-2.52	8.09E-02
-2.51	8.14E-02
-2.5	8.17E-02
-2.49	8.21E-02
-2.48	8.27E-02
-2.47	8.31E-02
-2.46	8.35E-02
-2.45	8.39E-02
-2.44	8.51E-02
-2.43	8.68E-02
-2.42	8.89E-02
-2.41	9.11E-02
-2.4	9.35E-02
-2.39	9.60E-02
-2.38	9.87E-02
-2.37	9.87E-02
-2.36	9.77E-02
-2.35	9.25E-02
-2.34	1.16E-01
-2.33	1.33E-01
-2.32	1.02E-01
-2.31	1.00E-01
-2.3	9.85E-02
-2.29	9.63E-02
-2.28	9.40E-02
-2.27	9.14E-02
-2.26	9.16E-02
-2.25	9.18E-02
-2.24	9.18E-02
-2.23	9.13E-02
-2.22	1.23E-01
-2.21	1.09E-01
-2.2	9.10E-02
-2.19	7.90E-02
-2.18	6.38E-02
-2.17	5.80E-02
-2.16	6.59E-02
-2.15	7.38E-02
-2.14	7.75E-02
-2.13	7.77E-02
-2.12	7.77E-02
-2.11	8.47E-02
-2.1	1.67E-01
-2.09	9.29E-02
-2.08	1.09E-01
-2.07	1.24E-01
-2.06	1.74E-01
-2.05	1.67E-01
-2.04	1.61E-01
-2.03	1.57E-01
-2.02	4.17E-01
-2.01	2.20E-01
-2	2.02E-01
-1.99	2.30E-01
-1.98	2.66E-01
-1.97	3.42E-01
-1.96	3.66E-01
-1.95	4.78E-01
-1.94	2.52E-01
-1.93	2.19E-01
-1.92	1.10E-01
-1.91	8.18E-02
-1.9	6.18E-02
-1.89	5.70E-02
-1.88	5.30E-02
-1.87	2.17E-01
-1.86	3.20E-02
-1.85	2.03E-01
-1.84	7.25E-02
-1.83	7.02E-02
-1.82	2.45E-01
-1.81	2.45E-01
-1.8	2.40E-01
-1.79	2.28E-01
-1.78	2.13E-01
-1.77	1.91E-01
-1.76	1.64E-01
-1.75	1.34E-01
-1.74	1.28E-01
-1.73	1.22E-01
-1.72	1.22E-01
-1.71	1.20E-01
-1.7	2.11E-01
-1.69	1.05E+00
-1.68	1.48E-01
-1.67	1.05E-01
-1.66	2.19E-01
-1.65	1.37E-01
-1.64	1.14E-01
-1.63	1.18E-01
-1.62	1.31E-01
-1.61	1.17E-01
-1.6	9.00E-02
-1.59	8.42E-02
-1.58	7.88E-02
-1.57	7.54E-02
-1.56	7.76E-02
-1.55	8.15E-02
-1.54	8.48E-02
-1.53	8.76E-02
-1.52	9.00E-02
-1.51	9.19E-02
-1.5	9.33E-02
-1.49	3.25E-01
-1.48	9.69E-02
-1.47	1.80E-01
-1.46	3.21E-01
-1.45	5.30E-01
-1.44	6.38E-01
-1.43	1.19E-01
-1.42	9.59E-02
-1.41	1.20E-01
-1.4	5.12E-02
-1.39	4.87E-02
-1.38	4.73E-02
-1.37	4.70E-02
-1.36	5.72E-02
-1.35	5.83E-02
-1.34	5.89E-02
-1.33	6.01E-02
-1.32	6.01E-02
-1.31	5.97E-02
-1.3	5.89E-02
-1.29	5.77E-02
-1.28	5.64E-02
-1.27	5.55E-02
-1.26	5.41E-02
-1.25	5.22E-02
-1.24	5.00E-02
-1.23	4.73E-02
-1.22	5.59E-02
-1.21	7.04E-02
-1.2	8.93E-02
-1.19	1.18E-01
-1.18	2.78E-01
-1.17	3.64E-01
-1.16	4.05E-01
-1.15	1.35E+00
-1.14	1.91E-01
-1.13	1.46E-01
-1.12	1.11E-01
-1.11	8.76E-02
-1.1	7.88E-02
-1.09	7.08E-02
-1.08	6.35E-02
-1.07	5.72E-02
-1.06	5.16E-02
-1.05	4.69E-02
-1.04	4.29E-02
-1.03	3.98E-02
-1.02	3.75E-02
-1.01	3.77E-02
-1	3.82E-02
-0.99	3.88E-02
-0.98	3.94E-02
-0.97	3.99E-02
-0.96	4.05E-02
-0.95	3.42E-02
-0.94	6.18E-02
-0.93	1.91E-01
-0.92	2.93E-01
-0.91	3.70E-01
-0.9	4.43E-01
-0.89	2.84E-01
-0.88	1.33E-01
-0.87	1.11E-01
-0.86	2.16E-01
-0.85	1.46E-01
-0.84	1.38E-01
-0.83	1.31E-01
-0.82	1.24E-01
-0.81	1.16E-01
-0.8	1.09E-01
-0.79	1.03E-01
-0.78	9.59E-02
-0.77	9.03E-02
-0.76	8.96E-02
-0.75	1.42E-01
-0.74	1.26E-01
-0.73	1.10E-01
-0.72	9.32E-02
-0.71	7.66E-02
-0.7	5.98E-02
-0.69	4.29E-02
-0.68	4.16E-02
-0.67	4.41E-02
-0.66	4.67E-02
-0.65	4.93E-02
-0.64	5.19E-02
-0.63	3.04E-02
-0.62	3.05E-02
-0.61	3.05E-02
-0.6	3.07E-02
-0.59	3.09E-02
-0.58	3.10E-02
-0.57	3.12E-02
-0.56	3.13E-02
-0.55	3.11E-02
-0.54	3.06E-02
-0.53	3.00E-02
-0.52	2.94E-02
-0.51	2.88E-02
-0.5	2.82E-02
-0.49	2.76E-02
-0.48	2.69E-02
-0.47	2.63E-02
-0.46	2.56E-02
-0.45	2.50E-02
-0.44	2.43E-02
-0.43	2.36E-02
-0.42	2.29E-02
-0.41	2.25E-02
-0.4	2.24E-02
-0.39	2.23E-02
-0.38	2.22E-02
-0.37	2.22E-02
-0.36	2.21E-02
-0.35	2.20E-02
-0.34	2.19E-02
-0.33	2.18E-02
-0.32	2.18E-02
-0.31	2.18E-02
-0.3	2.17E-02
-0.29	2.16E-02
-0.28	2.15E-02
-0.27	2.15E-02
-0.26	1.76E-02
-0.25	1.70E-02
-0.24	1.63E-02
-0.23	1.56E-02
-0.22	1.50E-02
-0.21	1.43E-02
-0.2	1.36E-02
-0.19	1.29E-02
-0.18	1.22E-02
-0.17	1.14E-02
-0.16	1.07E-02
-0.15	9.95E-03
-0.14	9.18E-03
-0.13	8.41E-03
-0.12	7.61E-03
-0.11	6.80E-03
-0.1	5.99E-03
-0.09	5.15E-03
-0.08	4.30E-03
-0.07	3.44E-03
-0.06	2.57E-03
-0.05	1.69E-03
-0.04	7.93E-04
-0.03	0.00E+00
-0.02	0.00E+00
-0.01	0.00E+00
0	0.00E+00
0.01	0.00E+00
0.02	0.00E+00
0.03	0.00E+00
0.04	0.00E+00
0.05	0.00E+00
0.06	0.00E+00
0.07	1.40E-04
0.08	8.60E-04
0.09	1.59E-03
0.1	2.63E-03
0.11	4.16E-03
0.12	5.97E-03
0.13	7.86E-03
0.14	9.78E-03
0.15	1.17E-02
0.16	1.37E-02
0.17	1.56E-02
0.18	1.76E-02
0.19	1.97E-02
0.2	2.17E-02
0.21	2.38E-02
0.22	2.59E-02
0.23	2.80E-02
0.24	3.01E-02
0.25	3.23E-02
0.26	3.44E-02
0.27	6.70E-02
0.28	6.90E-02
0.29	7.54E-02
0.3	7.78E-02
0.31	8.03E-02
0.32	8.25E-02
0.33	9.68E-02
0.34	1.92E-01
0.35	3.32E-01
0.36	4.73E-01
0.37	2.51E-01
0.38	2.45E-01
0.39	2.39E-01
0.4	1.51E-01
0.41	4.91E-02
0.42	5.11E-02
0.43	1.92E-01
0.44	2.15E-01
0.45	2.55E-01
0.46	5.71E-01
0.47	8.55E-03
0.48	8.72E-03
0.49	8.87E-03
0.5	9.02E-03
0.51	9.17E-03
0.52	9.32E-03
0.53	9.45E-03
0.54	9.59E-03
0.55	9.72E-03
0.56	9.84E-03
0.57	9.97E-03
0.58	3.27E-02
0.59	6.71E-02
0.6	1.72E-01
0.61	3.78E-01
0.62	8.83E-01
0.63	1.85E+00
0.64	5.14E-01
0.65	4.58E-01
0.66	4.26E-01
0.67	5.33E-01
0.68	4.72E-01
0.69	4.09E-01
0.7	3.62E-01
0.71	3.11E-01
0.72	2.38E-01
0.73	2.06E-01
0.74	2.31E-01
0.75	3.44E-01
0.76	2.82E-01
0.77	5.47E-02
0.78	1.50E-02
0.79	1.54E-02
0.8	1.59E-02
0.81	1.64E-02
0.82	1.68E-02
0.83	1.73E-02
0.84	1.77E-02
0.85	1.82E-02
0.86	1.87E-02
0.87	1.92E-02
0.88	1.97E-02
0.89	2.02E-02
0.9	2.07E-02
0.91	2.12E-02
0.92	2.17E-02
0.93	2.23E-02
0.94	2.28E-02
0.95	2.34E-02
0.96	2.39E-02
0.97	2.44E-02
0.98	2.50E-02
0.99	2.56E-02
1	2.62E-02
1.01	2.68E-02
1.02	2.73E-02
1.03	2.80E-02
1.04	2.86E-02
1.05	2.92E-02
1.06	2.98E-02
1.07	6.52E-02
1.08	2.14E-01
1.09	3.48E-01
1.1	1.27E-01
1.11	1.36E-01
1.12	1.45E-01
1.13	1.65E-01
1.14	1.86E-01
1.15	2.15E-01
1.16	3.16E-01
1.17	4.16E-01
1.18	5.00E-01
1.19	5.68E-01
1.2	6.20E-01
1.21	5.68E-01
1.22	6.27E-01
1.23	7.09E-01
1.24	6.84E-01
1.25	5.00E-01
1.26	3.20E-01
1.27	3.29E-01
1.28	3.39E-01
1.29	3.64E-01
1.3	3.87E-01
1.31	3.85E-01
1.32	3.47E-01
1.33	3.54E-01
1.34	3.78E-01
1.35	3.88E-01
1.36	3.97E-01
1.37	4.08E-01
1.38	4.18E-01
1.39	4.31E-01
1.4	4.52E-01
1.41	4.74E-01
1.42	4.95E-01
1.43	5.16E-01
1.44	6.76E-01
1.45	6.33E-01
1.46	6.01E-01
1.47	5.81E-01
1.48	5.68E-01
1.49	5.33E-01
1.5	5.12E-01
1.51	5.12E-01
1.52	6.39E-01
1.53	5.95E-01
1.54	5.54E-01
1.55	5.17E-01
1.56	7.49E-01
1.57	7.96E-01
1.58	7.99E-01
1.59	6.78E-01
1.6	7.54E-01
1.61	7.77E-01
1.62	7.79E-01
1.63	7.48E-01
1.64	7.14E-01
1.65	6.77E-01
1.66	4.91E-01
1.67	4.60E-01
1.68	3.75E-01
1.69	4.35E-01
1.7	5.08E-01
1.71	5.94E-01
1.72	2.34E+00
1.73	2.24E-01
1.74	6.61E-01
1.75	5.90E-01
1.76	5.18E-01
1.77	4.46E-01
1.78	3.79E-01
1.79	3.26E-01
1.8	1.13E+00
1.81	4.18E-01
1.82	3.96E-01
1.83	4.22E-01
1.84	4.56E-01
1.85	4.90E-01
1.86	5.40E-01
1.87	5.78E-01
1.88	5.61E-01
1.89	5.56E-01
1.9	5.95E-01
1.91	6.31E-01
1.92	6.60E-01
1.93	6.05E-01
1.94	6.19E-01
1.95	6.70E-01
1.96	7.39E-01
1.97	8.18E-01
1.98	5.68E-01
1.99	6.55E-01
2	6.23E-01
2.01	6.08E-01
2.02	4.27E-01
2.03	4.14E-01
2.04	5.54E-01
2.05	7.32E-01
2.06	6.69E-01
2.07	5.98E-01
2.08	5.58E-01
2.09	5.24E-01
2.1	4.86E-01
2.11	4.64E-01
2.12	6.91E-01
2.13	6.01E-01
2.14	5.02E-01
2.15	3.94E-01
2.16	2.87E-01
2.17	2.70E-01
2.18	2.82E-01
2.19	4.85E-01
2.2	8.32E-01
2.21	9.95E-01
2.22	9.73E-01
2.23	5.19E-01
2.24	5.29E-01
2.25	6.73E-01
2.26	6.38E-01
2.27	6.10E-01
2.28	6.36E-01
2.29	6.73E-01
2.3	7.10E-01
2.31	5.43E-01
2.32	5.55E-01
2.33	5.71E-01
2.34	5.92E-01
2.35	6.17E-01
2.36	6.27E-01
2.37	6.29E-01
2.38	6.29E-01
2.39	6.14E-01
2.4	5.92E-01
2.41	5.72E-01
2.42	3.55E-01
2.43	3.09E-01
2.44	2.66E-01
2.45	2.28E-01
2.46	1.94E-01
2.47	2.66E-01
2.48	2.18E-01
2.49	1.74E-01
2.5	1.32E-01
2.51	9.25E-02
2.52	5.61E-02
2.53	4.07E-02
2.54	2.93E-02
2.55	2.11E-02
2.56	1.59E-02
2.57	1.13E-02
2.58	7.15E-03
2.59	3.56E-03
2.6	5.15E-04
2.61	0.00E+00
 
