-15.23	0.00E+00
-15.22	5.85E-02
-15.21	1.17E-01
-15.2	8.58E-02
-15.19	9.04E-02
-15.18	9.52E-02
-15.17	9.98E-02
-15.16	1.04E-01
-15.15	1.09E-01
-15.14	1.11E-01
-15.13	1.05E-01
-15.12	9.86E-02
-15.11	9.53E-02
-15.1	9.74E-02
-15.09	9.94E-02
-15.08	1.01E-01
-15.07	1.03E-01
-15.06	1.05E-01
-15.05	1.07E-01
-15.04	1.09E-01
-15.03	1.11E-01
-15.02	2.21E-01
-15.01	1.76E-01
-15	1.30E-01
-14.99	8.61E-02
-14.98	4.66E-02
-14.97	4.01E-02
-14.96	3.36E-02
-14.95	3.09E-02
-14.94	3.35E-02
-14.93	3.61E-02
-14.92	3.86E-02
-14.91	4.10E-02
-14.9	4.69E-02
-14.89	5.53E-02
-14.88	6.35E-02
-14.87	1.34E-01
-14.86	3.14E-01
-14.85	6.73E-02
-14.84	6.79E-02
-14.83	6.83E-02
-14.82	6.88E-02
-14.81	6.93E-02
-14.8	6.97E-02
-14.79	7.01E-02
-14.78	7.06E-02
-14.77	7.10E-02
-14.76	7.14E-02
-14.75	7.20E-02
-14.74	7.24E-02
-14.73	7.29E-02
-14.72	7.34E-02
-14.71	7.39E-02
-14.7	7.42E-02
-14.69	7.47E-02
-14.68	7.52E-02
-14.67	1.02E-01
-14.66	9.68E-02
-14.65	9.19E-02
-14.64	8.70E-02
-14.63	8.28E-02
-14.62	7.94E-02
-14.61	7.59E-02
-14.6	7.60E-02
-14.59	7.64E-02
-14.58	7.67E-02
-14.57	7.71E-02
-14.56	7.74E-02
-14.55	7.77E-02
-14.54	7.80E-02
-14.53	7.83E-02
-14.52	7.86E-02
-14.51	6.41E-02
-14.5	6.40E-02
-14.49	6.40E-02
-14.48	6.39E-02
-14.47	6.38E-02
-14.46	6.37E-02
-14.45	6.03E-02
-14.44	5.93E-02
-14.43	5.84E-02
-14.42	5.98E-02
-14.41	5.93E-02
-14.4	5.89E-02
-14.39	5.83E-02
-14.38	5.79E-02
-14.37	5.74E-02
-14.36	5.69E-02
-14.35	5.65E-02
-14.34	6.78E-02
-14.33	9.96E-02
-14.32	9.36E-02
-14.31	8.77E-02
-14.3	8.19E-02
-14.29	7.63E-02
-14.28	7.07E-02
-14.27	6.52E-02
-14.26	5.99E-02
-14.25	5.45E-02
-14.24	4.93E-02
-14.23	4.41E-02
-14.22	3.93E-02
-14.21	3.64E-02
-14.2	3.50E-02
-14.19	3.37E-02
-14.18	3.38E-02
-14.17	8.16E-02
-14.16	7.00E-02
-14.15	5.86E-02
-14.14	4.73E-02
-14.13	3.64E-02
-14.12	2.55E-02
-14.11	2.77E-02
-14.1	3.25E-02
-14.09	3.72E-02
-14.08	4.19E-02
-14.07	4.64E-02
-14.06	5.09E-02
-14.05	5.52E-02
-14.04	5.94E-02
-14.03	6.35E-02
-14.02	6.76E-02
-14.01	4.07E-02
-14	3.49E-02
-13.99	3.49E-02
-13.98	3.49E-02
-13.97	3.48E-02
-13.96	3.47E-02
-13.95	3.47E-02
-13.94	3.46E-02
-13.93	3.45E-02
-13.92	3.44E-02
-13.91	3.43E-02
-13.9	3.42E-02
-13.89	3.42E-02
-13.88	3.40E-02
-13.87	5.06E-02
-13.86	1.03E-01
-13.85	1.54E-01
-13.84	3.61E-02
-13.83	3.58E-02
-13.82	3.54E-02
-13.81	3.51E-02
-13.8	3.48E-02
-13.79	3.45E-02
-13.78	3.41E-02
-13.77	3.38E-02
-13.76	3.40E-02
-13.75	3.43E-02
-13.74	3.46E-02
-13.73	3.49E-02
-13.72	3.52E-02
-13.71	3.54E-02
-13.7	3.57E-02
-13.69	3.60E-02
-13.68	3.62E-02
-13.67	3.64E-02
-13.66	3.66E-02
-13.65	3.68E-02
-13.64	3.68E-02
-13.63	3.67E-02
-13.62	3.69E-02
-13.61	3.72E-02
-13.6	3.76E-02
-13.59	3.80E-02
-13.58	3.84E-02
-13.57	3.87E-02
-13.56	3.91E-02
-13.55	3.94E-02
-13.54	3.96E-02
-13.53	4.72E-02
-13.52	4.00E-02
-13.51	3.28E-02
-13.5	2.58E-02
-13.49	1.89E-02
-13.48	1.26E-02
-13.47	2.56E-02
-13.46	3.86E-02
-13.45	3.92E-02
-13.44	3.62E-02
-13.43	3.34E-02
-13.42	3.05E-02
-13.41	2.77E-02
-13.4	2.50E-02
-13.39	2.24E-02
-13.38	1.04E-02
-13.37	1.06E-02
-13.36	1.09E-02
-13.35	1.11E-02
-13.34	1.13E-02
-13.33	1.15E-02
-13.32	1.17E-02
-13.31	1.19E-02
-13.3	1.20E-02
-13.29	1.22E-02
-13.28	1.24E-02
-13.27	1.25E-02
-13.26	1.27E-02
-13.25	1.28E-02
-13.24	1.29E-02
-13.23	3.29E-02
-13.22	3.28E-02
-13.21	3.26E-02
-13.2	3.24E-02
-13.19	3.22E-02
-13.18	3.20E-02
-13.17	2.56E-02
-13.16	1.65E-02
-13.15	1.27E-02
-13.14	1.60E-02
-13.13	1.93E-02
-13.12	2.26E-02
-13.11	2.58E-02
-13.1	2.91E-02
-13.09	3.23E-02
-13.08	7.32E-02
-13.07	3.94E-02
-13.06	2.63E-02
-13.05	2.39E-02
-13.04	2.15E-02
-13.03	1.92E-02
-13.02	1.70E-02
-13.01	1.49E-02
-13	1.28E-02
-12.99	1.09E-02
-12.98	1.09E-02
-12.97	1.09E-02
-12.96	1.09E-02
-12.95	1.17E-02
-12.94	1.24E-02
-12.93	1.32E-02
-12.92	1.41E-02
-12.91	1.49E-02
-12.9	1.57E-02
-12.89	1.66E-02
-12.88	1.74E-02
-12.87	1.83E-02
-12.86	1.91E-02
-12.85	2.00E-02
-12.84	2.08E-02
-12.83	2.17E-02
-12.82	1.76E-02
-12.81	1.71E-02
-12.8	1.69E-02
-12.79	3.43E-02
-12.78	1.53E-02
-12.77	1.39E-02
-12.76	1.36E-02
-12.75	1.34E-02
-12.74	1.32E-02
-12.73	1.28E-02
-12.72	1.25E-02
-12.71	1.23E-02
-12.7	1.19E-02
-12.69	1.16E-02
-12.68	1.13E-02
-12.67	1.10E-02
-12.66	1.06E-02
-12.65	1.03E-02
-12.64	1.02E-02
-12.63	1.01E-02
-12.62	1.00E-02
-12.61	9.90E-03
-12.6	9.80E-03
-12.59	9.69E-03
-12.58	1.22E-02
-12.57	1.21E-02
-12.56	1.20E-02
-12.55	1.19E-02
-12.54	1.19E-02
-12.53	1.18E-02
-12.52	1.17E-02
-12.51	1.16E-02
-12.5	1.15E-02
-12.49	1.14E-02
-12.48	1.13E-02
-12.47	1.12E-02
-12.46	1.12E-02
-12.45	1.57E-02
-12.44	2.06E-02
-12.43	2.58E-02
-12.42	1.94E-02
-12.41	1.65E-02
-12.4	1.37E-02
-12.39	1.12E-02
-12.38	1.05E-02
-12.37	8.70E-03
-12.36	7.09E-03
-12.35	5.97E-03
-12.34	5.18E-03
-12.33	3.83E-04
-12.32	5.37E-04
-12.31	1.08E-03
-12.3	1.72E-03
-12.29	2.81E-03
-12.28	3.83E-03
-12.27	4.80E-03
-12.26	6.18E-03
-12.25	7.64E-03
-12.24	9.04E-03
-12.23	1.04E-02
-12.22	1.26E-02
-12.21	1.69E-02
-12.2	1.25E-02
-12.19	1.20E-02
-12.18	1.14E-02
-12.17	1.08E-02
-12.16	1.03E-02
-12.15	9.89E-03
-12.14	1.05E-02
-12.13	1.11E-02
-12.12	1.16E-02
-12.11	9.94E-03
-12.1	9.75E-03
-12.09	1.72E-02
-12.08	1.46E-02
-12.07	6.74E-03
-12.06	6.22E-03
-12.05	5.72E-03
-12.04	5.21E-03
-12.03	4.72E-03
-12.02	4.23E-03
-12.01	3.75E-03
-12	3.30E-03
-11.99	3.13E-03
-11.98	2.96E-03
-11.97	2.80E-03
-11.96	2.65E-03
-11.95	2.70E-03
-11.94	3.07E-03
-11.93	3.55E-03
-11.92	4.10E-03
-11.91	4.73E-03
-11.9	5.42E-03
-11.89	6.18E-03
-11.88	3.27E-03
-11.87	3.33E-03
-11.86	3.38E-03
-11.85	3.43E-03
-11.84	3.46E-03
-11.83	3.69E-03
-11.82	3.71E-03
-11.81	3.53E-03
-11.8	3.35E-03
-11.79	3.18E-03
-11.78	3.01E-03
-11.77	2.84E-03
-11.76	2.67E-03
-11.75	2.51E-03
-11.74	2.38E-03
-11.73	2.34E-03
-11.72	2.29E-03
-11.71	2.24E-03
-11.7	2.20E-03
-11.69	2.16E-03
-11.68	2.13E-03
-11.67	2.10E-03
-11.66	2.90E-03
-11.65	2.32E-03
-11.64	1.76E-03
-11.63	1.22E-03
-11.62	6.96E-04
-11.61	1.91E-04
-11.6	0.00E+00
-11.59	0.00E+00
-11.58	0.00E+00
-11.57	0.00E+00
-11.56	0.00E+00
-11.55	0.00E+00
-11.54	0.00E+00
-11.53	0.00E+00
-11.52	0.00E+00
-11.51	0.00E+00
-11.5	0.00E+00
-11.49	0.00E+00
-11.48	0.00E+00
-11.47	0.00E+00
-11.46	0.00E+00
-11.45	0.00E+00
-11.44	0.00E+00
-11.43	0.00E+00
-11.42	0.00E+00
-11.41	0.00E+00
-11.4	0.00E+00
-11.39	0.00E+00
-11.38	0.00E+00
-11.37	0.00E+00
-11.36	0.00E+00
-11.35	0.00E+00
-11.34	0.00E+00
-11.33	0.00E+00
-11.32	0.00E+00
-11.31	6.37E-02
-11.3	2.11E-01
-11.29	3.84E-01
-11.28	2.69E-01
-11.27	3.02E-01
-11.26	3.36E-01
-11.25	3.71E-01
-11.24	4.09E-01
-11.23	4.48E-01
-11.22	4.88E-01
-11.21	5.01E-01
-11.2	4.96E-01
-11.19	4.90E-01
-11.18	4.96E-01
-11.17	5.23E-01
-11.16	5.50E-01
-11.15	5.79E-01
-11.14	6.08E-01
-11.13	6.38E-01
-11.12	6.68E-01
-11.11	6.99E-01
-11.1	7.31E-01
-11.09	7.63E-01
-11.08	1.54E+00
-11.07	1.31E+00
-11.06	1.08E+00
-11.05	8.37E-01
-11.04	5.80E-01
-11.03	3.52E-01
-11.02	3.18E-01
-11.01	2.90E-01
-11	3.17E-01
-10.99	3.45E-01
-10.98	3.74E-01
-10.97	4.03E-01
-10.96	4.33E-01
-10.95	4.63E-01
-10.94	5.03E-01
-10.93	5.82E-01
-10.92	1.10E+00
-10.91	2.14E+00
-10.9	3.22E+00
-10.89	7.18E-01
-10.88	7.35E-01
-10.87	7.52E-01
-10.86	7.70E-01
-10.85	7.88E-01
-10.84	8.06E-01
-10.83	8.25E-01
-10.82	8.43E-01
-10.81	8.62E-01
-10.8	8.80E-01
-10.79	9.00E-01
-10.78	9.22E-01
-10.77	9.43E-01
-10.76	9.65E-01
-10.75	9.87E-01
-10.74	1.01E+00
-10.73	1.03E+00
-10.72	1.06E+00
-10.71	1.08E+00
-10.7	1.10E+00
-10.69	1.55E+00
-10.68	1.50E+00
-10.67	1.44E+00
-10.66	1.38E+00
-10.65	1.33E+00
-10.64	1.28E+00
-10.63	1.24E+00
-10.62	1.25E+00
-10.61	1.27E+00
-10.6	1.30E+00
-10.59	1.32E+00
-10.58	1.35E+00
-10.57	1.37E+00
-10.56	1.40E+00
-10.55	1.42E+00
-10.54	1.44E+00
-10.53	1.47E+00
-10.52	1.49E+00
-10.51	1.22E+00
-10.5	1.23E+00
-10.49	1.25E+00
-10.48	1.26E+00
-10.47	1.28E+00
-10.46	1.29E+00
-10.45	1.29E+00
-10.44	1.26E+00
-10.43	1.26E+00
-10.42	1.27E+00
-10.41	1.30E+00
-10.4	1.30E+00
-10.39	1.31E+00
-10.38	1.32E+00
-10.37	1.33E+00
-10.36	1.33E+00
-10.35	1.34E+00
-10.34	1.35E+00
-10.33	1.64E+00
-10.32	2.41E+00
-10.31	2.30E+00
-10.3	2.20E+00
-10.29	2.09E+00
-10.28	1.98E+00
-10.27	1.88E+00
-10.26	1.77E+00
-10.25	1.66E+00
-10.24	1.55E+00
-10.23	1.44E+00
-10.22	1.33E+00
-10.21	1.22E+00
-10.2	1.11E+00
-10.19	1.03E+00
-10.18	1.01E+00
-10.17	1.02E+00
-10.16	1.03E+00
-10.15	1.06E+00
-10.14	2.65E+00
-10.13	2.28E+00
-10.12	1.89E+00
-10.11	1.51E+00
-10.1	1.12E+00
-10.09	8.27E-01
-10.08	9.72E-01
-10.07	1.15E+00
-10.06	1.33E+00
-10.05	1.51E+00
-10.04	1.69E+00
-10.03	1.87E+00
-10.02	2.04E+00
-10.01	2.23E+00
-10	2.41E+00
-9.99	2.59E+00
-9.98	1.34E+00
-9.97	1.35E+00
-9.96	1.36E+00
-9.95	1.38E+00
-9.94	1.39E+00
-9.93	1.40E+00
-9.92	1.41E+00
-9.91	1.43E+00
-9.9	1.44E+00
-9.89	1.45E+00
-9.88	1.47E+00
-9.87	1.48E+00
-9.86	1.49E+00
-9.85	1.51E+00
-9.84	1.52E+00
-9.83	1.53E+00
-9.82	1.77E+00
-9.81	4.87E+00
-9.8	7.96E+00
-9.79	1.74E+00
-9.78	1.75E+00
-9.77	1.76E+00
-9.76	1.77E+00
-9.75	1.77E+00
-9.74	1.78E+00
-9.73	1.79E+00
-9.72	1.82E+00
-9.71	1.84E+00
-9.7	1.87E+00
-9.69	1.89E+00
-9.68	1.92E+00
-9.67	1.95E+00
-9.66	1.97E+00
-9.65	2.00E+00
-9.64	2.03E+00
-9.63	2.04E+00
-9.62	2.05E+00
-9.61	2.10E+00
-9.6	2.14E+00
-9.59	2.19E+00
-9.58	2.23E+00
-9.57	2.28E+00
-9.56	2.32E+00
-9.55	2.36E+00
-9.54	2.41E+00
-9.53	2.46E+00
-9.52	2.50E+00
-9.51	2.55E+00
-9.5	2.60E+00
-9.49	2.78E+00
-9.48	2.97E+00
-9.47	3.16E+00
-9.46	3.36E+00
-9.45	4.54E+00
-9.44	2.08E+00
-9.43	2.29E+00
-9.42	2.72E+00
-9.41	3.29E+00
-9.4	3.83E+00
-9.39	2.13E+00
-9.38	2.33E+00
-9.37	2.53E+00
-9.36	3.13E+00
-9.35	2.91E+00
-9.34	2.73E+00
-9.33	2.57E+00
-9.32	2.41E+00
-9.31	2.25E+00
-9.3	2.09E+00
-9.29	1.94E+00
-9.28	1.79E+00
-9.27	1.63E+00
-9.26	1.49E+00
-9.25	1.37E+00
-9.24	1.31E+00
-9.23	1.39E+00
-9.22	1.70E+00
-9.21	2.01E+00
-9.2	2.41E+00
-9.19	2.85E+00
-9.18	3.44E+00
-9.17	3.98E+00
-9.16	4.49E+00
-9.15	3.71E+00
-9.14	4.01E+00
-9.13	4.28E+00
-9.12	4.52E+00
-9.11	4.73E+00
-9.1	4.08E+00
-9.09	3.96E-01
-9.08	5.32E-02
-9.07	9.34E-02
-9.06	1.38E-01
-9.05	3.05E-01
-9.04	4.30E-01
-9.03	5.79E-01
-9.02	7.44E-01
-9.01	8.74E-01
-9	9.62E-01
-8.99	1.02E+00
-8.98	1.03E+00
-8.97	1.00E+00
-8.96	9.35E-01
-8.95	8.25E-01
-8.94	6.73E-01
-8.93	4.79E-01
-8.92	2.43E-01
-8.91	1.71E-01
-8.9	1.96E-01
-8.89	2.24E-01
-8.88	2.54E-01
-8.87	2.99E-01
-8.86	3.60E-01
-8.85	4.37E-01
-8.84	5.30E-01
-8.83	5.99E-01
-8.82	7.10E-01
-8.81	8.37E-01
-8.8	9.72E-01
-8.79	1.13E+00
-8.78	1.30E+00
-8.77	1.49E+00
-8.76	1.69E+00
-8.75	1.47E+00
-8.74	9.91E-01
-8.73	8.92E-01
-8.72	8.03E-01
-8.71	7.24E-01
-8.7	6.54E-01
-8.69	5.96E-01
-8.68	5.48E-01
-8.67	5.08E-01
-8.66	4.78E-01
-8.65	4.59E-01
-8.64	4.47E-01
-8.63	4.34E-01
-8.62	4.22E-01
-8.61	4.10E-01
-8.6	6.69E-01
-8.59	5.69E-01
-8.58	4.64E-01
-8.57	3.77E-01
-8.56	3.30E-01
-8.55	2.85E-01
-8.54	2.55E-01
-8.53	2.39E-01
-8.52	2.23E-01
-8.51	2.06E-01
-8.5	1.92E-01
-8.49	1.84E-01
-8.48	1.75E-01
-8.47	1.66E-01
-8.46	1.57E-01
-8.45	1.47E-01
-8.44	1.38E-01
-8.43	1.24E-01
-8.42	1.24E-01
-8.41	1.25E-01
-8.4	1.25E-01
-8.39	1.26E-01
-8.38	1.28E-01
-8.37	1.29E-01
-8.36	5.48E-01
-8.35	3.34E+00
-8.34	6.94E-02
-8.33	7.36E-02
-8.32	7.79E-02
-8.31	8.26E-02
-8.3	8.73E-02
-8.29	9.22E-02
-8.28	9.74E-02
-8.27	1.03E-01
-8.26	1.08E-01
-8.25	1.14E-01
-8.24	1.56E-01
-8.23	1.62E-01
-8.22	1.68E-01
-8.21	1.73E-01
-8.2	1.78E-01
-8.19	1.82E-01
-8.18	1.86E-01
-8.17	1.89E-01
-8.16	3.48E-01
-8.15	3.33E-01
-8.14	3.19E-01
-8.13	3.03E-01
-8.12	2.88E-01
-8.11	2.72E-01
-8.1	2.56E-01
-8.09	2.39E-01
-8.08	2.22E-01
-8.07	2.05E-01
-8.06	1.87E-01
-8.05	1.70E-01
-8.04	1.52E-01
-8.03	1.36E-01
-8.02	1.19E-01
-8.01	1.61E-01
-8	4.10E-01
-7.99	8.71E-01
-7.98	1.55E+00
-7.97	2.43E+00
-7.96	3.49E+00
-7.95	1.89E+00
-7.94	1.50E+00
-7.93	1.22E+00
-7.92	1.04E+00
-7.91	9.65E-01
-7.9	9.76E-01
-7.89	9.97E-01
-7.88	1.02E+00
-7.87	1.05E+00
-7.86	1.08E+00
-7.85	1.11E+00
-7.84	1.14E+00
-7.83	1.18E+00
-7.82	1.22E+00
-7.81	1.26E+00
-7.8	1.30E+00
-7.79	1.40E+00
-7.78	1.55E+00
-7.77	1.69E+00
-7.76	1.83E+00
-7.75	1.97E+00
-7.74	2.11E+00
-7.73	2.24E+00
-7.72	2.37E+00
-7.71	2.50E+00
-7.7	2.64E+00
-7.69	2.65E+00
-7.68	2.74E+00
-7.67	2.82E+00
-7.66	2.67E+00
-7.65	2.81E+00
-7.64	2.89E+00
-7.63	2.89E+00
-7.62	2.84E+00
-7.61	2.73E+00
-7.6	4.10E+00
-7.59	7.39E+00
-7.58	3.06E+00
-7.57	3.11E+00
-7.56	3.17E+00
-7.55	3.19E+00
-7.54	3.19E+00
-7.53	3.17E+00
-7.52	3.46E+00
-7.51	3.75E+00
-7.5	4.04E+00
-7.49	4.33E+00
-7.48	3.06E+00
-7.47	3.17E+00
-7.46	3.26E+00
-7.45	3.34E+00
-7.44	3.41E+00
-7.43	3.47E+00
-7.42	3.51E+00
-7.41	3.56E+00
-7.4	3.58E+00
-7.39	3.76E+00
-7.38	3.90E+00
-7.37	4.00E+00
-7.36	4.04E+00
-7.35	4.02E+00
-7.34	3.94E+00
-7.33	3.82E+00
-7.32	3.62E+00
-7.31	3.36E+00
-7.3	3.00E+00
-7.29	5.93E+00
-7.28	5.50E+00
-7.27	4.53E+00
-7.26	3.21E+00
-7.25	1.66E+00
-7.24	1.57E+00
-7.23	1.54E+00
-7.22	1.50E+00
-7.21	1.45E+00
-7.2	1.39E+00
-7.19	1.33E+00
-7.18	1.26E+00
-7.17	4.39E+00
-7.16	3.94E+00
-7.15	3.51E+00
-7.14	3.09E+00
-7.13	2.71E+00
-7.12	2.40E+00
-7.11	2.21E+00
-7.1	2.04E+00
-7.09	1.90E+00
-7.08	1.80E+00
-7.07	1.72E+00
-7.06	1.67E+00
-7.05	1.66E+00
-7.04	1.65E+00
-7.03	1.65E+00
-7.02	1.65E+00
-7.01	1.64E+00
-7	1.64E+00
-6.99	1.64E+00
-6.98	1.64E+00
-6.97	1.65E+00
-6.96	1.65E+00
-6.95	1.75E+00
-6.94	2.03E+00
-6.93	2.94E+00
-6.92	4.54E+00
-6.91	6.60E+00
-6.9	1.53E+00
-6.89	1.58E+00
-6.88	1.63E+00
-6.87	1.68E+00
-6.86	1.73E+00
-6.85	1.78E+00
-6.84	1.58E+00
-6.83	1.62E+00
-6.82	1.67E+00
-6.81	1.72E+00
-6.8	1.76E+00
-6.79	1.80E+00
-6.78	1.85E+00
-6.77	1.89E+00
-6.76	1.94E+00
-6.75	1.98E+00
-6.74	2.03E+00
-6.73	8.99E+00
-6.72	6.73E+00
-6.71	5.33E+00
-6.7	4.60E+00
-6.69	3.82E+00
-6.68	2.94E+00
-6.67	1.94E+00
-6.66	1.35E+00
-6.65	1.22E+00
-6.64	1.14E+00
-6.63	1.08E+00
-6.62	1.04E+00
-6.61	1.00E+00
-6.6	9.89E-01
-6.59	9.92E-01
-6.58	1.01E+00
-6.57	1.04E+00
-6.56	1.06E+00
-6.55	1.20E+00
-6.54	1.21E+00
-6.53	1.22E+00
-6.52	1.23E+00
-6.51	1.24E+00
-6.5	1.26E+00
-6.49	1.28E+00
-6.48	1.30E+00
-6.47	1.32E+00
-6.46	1.35E+00
-6.45	1.38E+00
-6.44	1.41E+00
-6.43	1.44E+00
-6.42	1.48E+00
-6.41	1.52E+00
-6.4	1.56E+00
-6.39	1.60E+00
-6.38	1.65E+00
-6.37	1.69E+00
-6.36	1.74E+00
-6.35	1.80E+00
-6.34	1.85E+00
-6.33	1.99E+00
-6.32	3.98E+00
-6.31	1.93E+00
-6.3	3.14E+00
-6.29	2.24E+00
-6.28	1.62E+00
-6.27	1.58E+00
-6.26	1.49E+00
-6.25	1.36E+00
-6.24	1.17E+00
-6.23	9.43E-01
-6.22	7.14E-01
-6.21	5.59E-01
-6.2	5.24E-01
-6.19	5.35E-01
-6.18	5.44E-01
-6.17	5.53E-01
-6.16	3.46E+01
-6.15	1.05E+00
-6.14	9.08E-01
-6.13	7.76E-01
-6.12	6.09E-01
-6.11	4.95E-01
-6.1	3.97E-01
-6.09	3.13E-01
-6.08	2.44E-01
-6.07	1.90E-01
-6.06	1.51E-01
-6.05	1.27E-01
-6.04	1.18E-01
-6.03	1.25E-01
-6.02	1.40E-01
-6.01	1.81E-01
-6	2.61E-01
-5.99	3.87E-01
-5.98	6.25E-01
-5.97	1.06E+00
-5.96	1.70E+00
-5.95	2.53E+00
-5.94	3.56E+00
-5.93	4.77E+00
-5.92	2.25E+00
-5.91	1.98E+00
-5.9	1.77E+00
-5.89	1.60E+00
-5.88	1.49E+00
-5.87	1.42E+00
-5.86	1.41E+00
-5.85	1.48E+00
-5.84	1.77E+00
-5.83	2.30E+00
-5.82	1.31E+00
-5.81	1.30E+00
-5.8	1.30E+00
-5.79	1.30E+00
-5.78	1.29E+00
-5.77	1.29E+00
-5.76	1.28E+00
-5.75	1.28E+00
-5.74	1.27E+00
-5.73	1.27E+00
-5.72	1.26E+00
-5.71	1.26E+00
-5.7	1.25E+00
-5.69	1.34E+00
-5.68	1.55E+00
-5.67	1.73E+00
-5.66	1.85E+00
-5.65	1.94E+00
-5.64	1.98E+00
-5.63	2.49E+00
-5.62	2.96E+00
-5.61	5.00E-01
-5.6	5.14E-01
-5.59	5.46E-01
-5.58	5.80E-01
-5.57	6.15E-01
-5.56	6.53E-01
-5.55	6.65E-01
-5.54	7.17E-01
-5.53	7.71E-01
-5.52	8.26E-01
-5.51	8.82E-01
-5.5	1.00E+00
-5.49	1.04E+00
-5.48	1.09E+00
-5.47	1.17E+00
-5.46	1.21E+00
-5.45	1.25E+00
-5.44	1.31E+00
-5.43	1.39E+00
-5.42	1.48E+00
-5.41	1.57E+00
-5.4	1.68E+00
-5.39	1.76E+00
-5.38	1.82E+00
-5.37	1.91E+00
-5.36	2.10E+00
-5.35	2.34E+00
-5.34	2.49E+00
-5.33	2.60E+00
-5.32	2.72E+00
-5.31	2.82E+00
-5.3	2.91E+00
-5.29	2.92E+00
-5.28	2.79E+00
-5.27	2.66E+00
-5.26	2.52E+00
-5.25	2.39E+00
-5.24	2.25E+00
-5.23	2.14E+00
-5.22	6.51E+00
-5.21	1.79E+00
-5.2	1.75E+00
-5.19	1.70E+00
-5.18	1.61E+00
-5.17	1.51E+00
-5.16	1.39E+00
-5.15	1.29E+00
-5.14	1.17E+00
-5.13	1.06E+00
-5.12	9.53E-01
-5.11	8.46E-01
-5.1	7.38E-01
-5.09	6.31E-01
-5.08	5.24E-01
-5.07	4.16E-01
-5.06	3.09E-01
-5.05	2.03E-01
-5.04	1.66E-01
-5.03	1.36E-01
-5.02	1.13E-01
-5.01	9.62E-02
-5	9.49E-02
-4.99	9.24E-02
-4.98	8.86E-02
-4.97	8.41E-02
-4.96	7.94E-02
-4.95	7.49E-02
-4.94	7.08E-02
-4.93	6.69E-02
-4.92	6.32E-02
-4.91	5.98E-02
-4.9	5.68E-02
-4.89	5.40E-02
-4.88	4.75E-02
-4.87	4.60E-02
-4.86	4.45E-02
-4.85	4.30E-02
-4.84	4.16E-02
-4.83	4.02E-02
-4.82	3.88E-02
-4.81	3.75E-02
-4.8	3.62E-02
-4.79	3.49E-02
-4.78	3.35E-02
-4.77	3.24E-02
-4.76	3.11E-02
-4.75	2.99E-02
-4.74	2.88E-02
-4.73	2.76E-02
-4.72	2.65E-02
-4.71	6.78E-02
-4.7	3.31E-02
-4.69	1.76E-02
-4.68	2.06E-02
-4.67	3.33E-02
-4.66	5.43E-02
-4.65	8.35E-02
-4.64	1.21E-01
-4.63	1.67E-01
-4.62	2.21E-01
-4.61	2.83E-01
-4.6	3.53E-01
-4.59	4.32E-01
-4.58	9.29E-01
-4.57	2.17E+00
-4.56	2.85E+00
-4.55	3.21E+00
-4.54	3.68E+00
-4.53	3.90E+00
-4.52	2.83E+00
-4.51	2.30E+00
-4.5	2.40E+00
-4.49	2.77E+00
-4.48	3.58E+00
-4.47	2.93E+00
-4.46	2.30E+00
-4.45	2.37E+00
-4.44	2.29E+00
-4.43	2.19E+00
-4.42	2.10E+00
-4.41	2.01E+00
-4.4	2.03E+00
-4.39	2.06E+00
-4.38	2.01E+00
-4.37	1.95E+00
-4.36	1.89E+00
-4.35	1.83E+00
-4.34	1.76E+00
-4.33	1.69E+00
-4.32	1.67E+00
-4.31	1.80E+00
-4.3	2.07E+00
-4.29	2.49E+00
-4.28	3.08E+00
-4.27	3.85E+00
-4.26	9.31E-01
-4.25	2.23E+00
-4.24	1.05E+00
-4.23	6.40E-01
-4.22	3.49E-01
-4.21	1.55E-01
-4.2	1.74E+00
-4.19	2.45E+00
-4.18	1.04E+00
-4.17	5.98E-01
-4.16	1.16E+00
-4.15	1.65E+00
-4.14	1.88E+00
-4.13	1.85E+00
-4.12	1.58E+00
-4.11	1.21E+00
-4.1	1.44E+00
-4.09	1.84E+00
-4.08	2.33E+00
-4.07	9.23E-01
-4.06	8.96E-01
-4.05	8.78E-01
-4.04	8.69E-01
-4.03	8.63E-01
-4.02	8.58E-01
-4.01	8.56E-01
-4	1.02E+00
-3.99	1.52E+00
-3.98	2.07E+00
-3.97	2.19E+00
-3.96	1.96E+00
-3.95	1.35E+00
-3.94	4.97E-01
-3.93	1.09E+00
-3.92	2.32E+00
-3.91	2.56E+00
-3.9	9.23E-01
-3.89	9.68E-01
-3.88	1.07E+00
-3.87	2.00E+00
-3.86	2.95E+00
-3.85	3.91E+00
-3.84	4.88E+00
-3.83	5.54E+00
-3.82	7.02E+00
-3.81	9.55E+00
-3.8	1.29E+01
-3.79	2.37E+01
-3.78	5.04E+00
-3.77	1.45E+00
-3.76	1.68E+00
-3.75	2.81E+00
-3.74	2.37E+00
-3.73	2.05E+00
-3.72	1.88E+00
-3.71	1.83E+00
-3.7	2.01E+00
-3.69	2.27E+00
-3.68	2.52E+00
-3.67	3.23E+00
-3.66	5.52E+00
-3.65	8.41E+00
-3.64	9.87E+00
-3.63	9.93E+00
-3.62	1.02E+01
-3.61	1.09E+01
-3.6	1.14E+01
-3.59	1.17E+01
-3.58	1.19E+01
-3.57	1.11E+01
-3.56	4.09E+00
-3.55	4.07E+00
-3.54	4.95E+00
-3.53	4.99E+00
-3.52	4.86E+00
-3.51	4.60E+00
-3.5	4.41E+00
-3.49	4.30E+00
-3.48	4.29E+00
-3.47	4.35E+00
-3.46	4.50E+00
-3.45	4.69E+00
-3.44	4.93E+00
-3.43	5.29E+00
-3.42	5.19E+00
-3.41	4.07E+00
-3.4	4.28E+00
-3.39	4.51E+00
-3.38	4.79E+00
-3.37	5.11E+00
-3.36	5.43E+00
-3.35	5.76E+00
-3.34	6.09E+00
-3.33	6.42E+00
-3.32	6.75E+00
-3.31	7.09E+00
-3.3	9.90E+00
-3.29	8.42E+00
-3.28	7.08E+00
-3.27	7.16E+00
-3.26	7.02E+00
-3.25	6.82E+00
-3.24	5.05E+00
-3.23	4.89E+00
-3.22	4.91E+00
-3.21	5.10E+00
-3.2	5.37E+00
-3.19	5.60E+00
-3.18	5.80E+00
-3.17	5.94E+00
-3.16	6.00E+00
-3.15	5.70E+00
-3.14	5.18E+00
-3.13	4.65E+00
-3.12	2.30E+00
-3.11	3.73E+00
-3.1	5.39E+00
-3.09	6.69E+00
-3.08	7.26E+00
-3.07	7.10E+00
-3.06	6.27E+00
-3.05	1.34E+01
-3.04	7.37E+00
-3.03	3.59E+00
-3.02	3.20E+00
-3.01	2.90E+00
-3	2.90E+00
-2.99	3.42E+00
-2.98	4.44E+00
-2.97	5.87E+00
-2.96	7.68E+00
-2.95	9.89E+00
-2.94	3.02E+00
-2.93	3.14E+00
-2.92	3.30E+00
-2.91	3.47E+00
-2.9	3.65E+00
-2.89	3.84E+00
-2.88	4.03E+00
-2.87	4.25E+00
-2.86	4.48E+00
-2.85	4.87E+00
-2.84	5.60E+00
-2.83	6.65E+00
-2.82	8.11E+00
-2.81	1.00E+01
-2.8	6.37E+00
-2.79	6.95E+00
-2.78	5.83E+00
-2.77	5.94E+00
-2.76	6.03E+00
-2.75	6.12E+00
-2.74	6.20E+00
-2.73	6.26E+00
-2.72	6.31E+00
-2.71	6.34E+00
-2.7	6.37E+00
-2.69	6.38E+00
-2.68	6.38E+00
-2.67	6.44E+00
-2.66	6.95E+00
-2.65	7.29E+00
-2.64	7.58E+00
-2.63	7.81E+00
-2.62	7.95E+00
-2.61	8.03E+00
-2.6	8.03E+00
-2.59	7.97E+00
-2.58	7.83E+00
-2.57	7.49E+00
-2.56	7.61E+00
-2.55	7.60E+00
-2.54	7.47E+00
-2.53	7.45E+00
-2.52	7.47E+00
-2.51	7.48E+00
-2.5	7.48E+00
-2.49	7.50E+00
-2.48	7.51E+00
-2.47	7.52E+00
-2.46	7.52E+00
-2.45	7.55E+00
-2.44	7.63E+00
-2.43	7.77E+00
-2.42	7.94E+00
-2.41	8.13E+00
-2.4	8.33E+00
-2.39	8.55E+00
-2.38	8.77E+00
-2.37	8.78E+00
-2.36	8.74E+00
-2.35	8.36E+00
-2.34	1.11E+01
-2.33	1.20E+01
-2.32	9.95E+00
-2.31	9.76E+00
-2.3	9.55E+00
-2.29	9.31E+00
-2.28	9.03E+00
-2.27	8.73E+00
-2.26	8.66E+00
-2.25	8.62E+00
-2.24	8.54E+00
-2.23	8.41E+00
-2.22	1.12E+01
-2.21	9.83E+00
-2.2	8.15E+00
-2.19	6.99E+00
-2.18	5.67E+00
-2.17	5.41E+00
-2.16	6.49E+00
-2.15	7.56E+00
-2.14	8.15E+00
-2.13	8.34E+00
-2.12	8.48E+00
-2.11	9.10E+00
-2.1	1.62E+01
-2.09	9.68E+00
-2.08	1.10E+01
-2.07	1.23E+01
-2.06	1.70E+01
-2.05	1.62E+01
-2.04	1.56E+01
-2.03	1.52E+01
-2.02	5.70E+01
-2.01	2.39E+01
-2	2.18E+01
-1.99	2.60E+01
-1.98	3.04E+01
-1.97	3.72E+01
-1.96	3.94E+01
-1.95	4.98E+01
-1.94	3.21E+01
-1.93	2.99E+01
-1.92	1.26E+01
-1.91	9.68E+00
-1.9	7.31E+00
-1.89	6.28E+00
-1.88	5.29E+00
-1.87	1.89E+01
-1.86	2.24E+00
-1.85	1.69E+01
-1.84	6.22E+00
-1.83	5.86E+00
-1.82	1.74E+01
-1.81	1.75E+01
-1.8	1.74E+01
-1.79	1.71E+01
-1.78	1.65E+01
-1.77	1.57E+01
-1.76	1.46E+01
-1.75	1.34E+01
-1.74	1.36E+01
-1.73	1.38E+01
-1.72	1.47E+01
-1.71	1.46E+01
-1.7	2.41E+01
-1.69	7.70E+01
-1.68	1.35E+01
-1.67	9.49E+00
-1.66	3.12E+01
-1.65	2.00E+01
-1.64	1.23E+01
-1.63	9.80E+00
-1.62	9.49E+00
-1.61	7.80E+00
-1.6	5.88E+00
-1.59	5.43E+00
-1.58	5.00E+00
-1.57	4.82E+00
-1.56	5.23E+00
-1.55	5.84E+00
-1.54	6.43E+00
-1.53	7.00E+00
-1.52	7.55E+00
-1.51	8.09E+00
-1.5	8.59E+00
-1.49	2.55E+01
-1.48	6.51E+00
-1.47	1.24E+01
-1.46	2.31E+01
-1.45	3.56E+01
-1.44	4.13E+01
-1.43	1.39E+01
-1.42	1.23E+01
-1.41	1.90E+01
-1.4	5.41E+00
-1.39	5.11E+00
-1.38	4.88E+00
-1.37	4.70E+00
-1.36	5.31E+00
-1.35	5.37E+00
-1.34	5.42E+00
-1.33	5.66E+00
-1.32	5.70E+00
-1.31	5.72E+00
-1.3	5.74E+00
-1.29	5.73E+00
-1.28	5.73E+00
-1.27	5.75E+00
-1.26	5.75E+00
-1.25	5.73E+00
-1.24	5.69E+00
-1.23	5.63E+00
-1.22	7.55E+00
-1.21	9.75E+00
-1.2	1.19E+01
-1.19	1.44E+01
-1.18	2.12E+01
-1.17	2.43E+01
-1.16	2.82E+01
-1.15	9.23E+01
-1.14	1.41E+01
-1.13	1.20E+01
-1.12	9.91E+00
-1.11	7.95E+00
-1.1	7.57E+00
-1.09	7.21E+00
-1.08	6.86E+00
-1.07	6.53E+00
-1.06	6.22E+00
-1.05	5.94E+00
-1.04	5.66E+00
-1.03	5.39E+00
-1.02	5.16E+00
-1.01	5.24E+00
-1	5.39E+00
-0.99	5.53E+00
-0.98	5.67E+00
-0.97	5.82E+00
-0.96	5.96E+00
-0.95	4.83E+00
-0.94	5.45E+00
-0.93	1.05E+01
-0.92	1.52E+01
-0.91	1.97E+01
-0.9	2.50E+01
-0.89	3.05E+01
-0.88	1.02E+01
-0.87	6.93E+00
-0.86	2.41E+01
-0.85	1.29E+01
-0.84	1.19E+01
-0.83	1.10E+01
-0.82	1.01E+01
-0.81	9.17E+00
-0.8	8.26E+00
-0.79	7.35E+00
-0.78	6.45E+00
-0.77	5.72E+00
-0.76	5.96E+00
-0.75	8.09E+00
-0.74	7.82E+00
-0.73	7.55E+00
-0.72	7.28E+00
-0.71	7.02E+00
-0.7	6.75E+00
-0.69	6.48E+00
-0.68	6.75E+00
-0.67	7.15E+00
-0.66	7.54E+00
-0.65	7.94E+00
-0.64	8.34E+00
-0.63	4.66E+00
-0.62	4.64E+00
-0.61	4.64E+00
-0.6	4.63E+00
-0.59	4.62E+00
-0.58	4.61E+00
-0.57	4.61E+00
-0.56	4.59E+00
-0.55	4.52E+00
-0.54	4.42E+00
-0.53	4.31E+00
-0.52	4.19E+00
-0.51	4.07E+00
-0.5	3.96E+00
-0.49	3.85E+00
-0.48	3.73E+00
-0.47	3.61E+00
-0.46	3.50E+00
-0.45	3.38E+00
-0.44	3.26E+00
-0.43	3.15E+00
-0.42	3.03E+00
-0.41	2.95E+00
-0.4	2.93E+00
-0.39	2.90E+00
-0.38	2.88E+00
-0.37	2.85E+00
-0.36	2.82E+00
-0.35	2.79E+00
-0.34	2.77E+00
-0.33	2.74E+00
-0.32	2.71E+00
-0.31	2.68E+00
-0.3	2.66E+00
-0.29	2.63E+00
-0.28	2.61E+00
-0.27	2.58E+00
-0.26	2.09E+00
-0.25	2.00E+00
-0.24	1.92E+00
-0.23	1.83E+00
-0.22	1.74E+00
-0.21	1.65E+00
-0.2	1.56E+00
-0.19	1.47E+00
-0.18	1.39E+00
-0.17	1.30E+00
-0.16	1.21E+00
-0.15	1.12E+00
-0.14	1.02E+00
-0.13	9.33E-01
-0.12	8.41E-01
-0.11	7.48E-01
-0.1	6.55E-01
-0.09	5.60E-01
-0.08	4.66E-01
-0.07	3.71E-01
-0.06	2.76E-01
-0.05	1.81E-01
-0.04	8.44E-02
-0.03	0.00E+00
-0.02	0.00E+00
-0.01	0.00E+00
0	0.00E+00
0.01	0.00E+00
0.02	0.00E+00
0.03	0.00E+00
0.04	0.00E+00
0.05	0.00E+00
0.06	0.00E+00
0.07	1.15E-02
0.08	7.03E-02
0.09	1.29E-01
0.1	2.15E-01
0.11	3.40E-01
0.12	4.71E-01
0.13	6.02E-01
0.14	7.35E-01
0.15	8.68E-01
0.16	1.00E+00
0.17	1.14E+00
0.18	1.27E+00
0.19	1.40E+00
0.2	1.54E+00
0.21	1.67E+00
0.22	1.81E+00
0.23	1.95E+00
0.24	2.09E+00
0.25	2.23E+00
0.26	2.36E+00
0.27	4.70E+00
0.28	4.76E+00
0.29	5.13E+00
0.3	5.22E+00
0.31	5.29E+00
0.32	5.37E+00
0.33	6.19E+00
0.34	1.17E+01
0.35	1.96E+01
0.36	2.74E+01
0.37	1.46E+01
0.38	1.41E+01
0.39	1.36E+01
0.4	8.50E+00
0.41	2.85E+00
0.42	2.93E+00
0.43	1.16E+01
0.44	1.26E+01
0.45	1.43E+01
0.46	3.08E+01
0.47	2.06E-01
0.48	2.12E-01
0.49	2.20E-01
0.5	2.26E-01
0.51	2.33E-01
0.52	2.40E-01
0.53	2.47E-01
0.54	2.54E-01
0.55	2.61E-01
0.56	2.68E-01
0.57	2.76E-01
0.58	8.94E-01
0.59	1.79E+00
0.6	5.99E+00
0.61	1.48E+01
0.62	3.33E+01
0.63	7.62E+01
0.64	1.80E+01
0.65	1.61E+01
0.66	1.64E+01
0.67	2.17E+01
0.68	1.93E+01
0.69	1.70E+01
0.7	1.54E+01
0.71	1.35E+01
0.72	1.06E+01
0.73	9.37E+00
0.74	1.10E+01
0.75	1.71E+01
0.76	1.33E+01
0.77	2.25E+00
0.78	3.59E-01
0.79	3.64E-01
0.8	3.69E-01
0.81	3.75E-01
0.82	3.80E-01
0.83	3.85E-01
0.84	3.90E-01
0.85	3.95E-01
0.86	4.00E-01
0.87	4.05E-01
0.88	4.10E-01
0.89	4.15E-01
0.9	4.20E-01
0.91	4.24E-01
0.92	4.30E-01
0.93	4.35E-01
0.94	4.39E-01
0.95	4.45E-01
0.96	4.49E-01
0.97	4.54E-01
0.98	4.59E-01
0.99	4.64E-01
1	4.69E-01
1.01	4.73E-01
1.02	4.78E-01
1.03	4.83E-01
1.04	4.87E-01
1.05	4.92E-01
1.06	4.97E-01
1.07	1.01E+00
1.08	3.16E+00
1.09	5.03E+00
1.1	1.88E+00
1.11	2.04E+00
1.12	2.19E+00
1.13	2.58E+00
1.14	2.96E+00
1.15	3.79E+00
1.16	6.20E+00
1.17	8.79E+00
1.18	1.13E+01
1.19	1.37E+01
1.2	1.61E+01
1.21	1.16E+01
1.22	1.16E+01
1.23	1.17E+01
1.24	1.07E+01
1.25	8.38E+00
1.26	6.65E+00
1.27	6.91E+00
1.28	7.18E+00
1.29	7.70E+00
1.3	8.20E+00
1.31	8.22E+00
1.32	7.15E+00
1.33	7.23E+00
1.34	7.55E+00
1.35	7.43E+00
1.36	7.31E+00
1.37	7.20E+00
1.38	7.11E+00
1.39	7.05E+00
1.4	7.09E+00
1.41	7.13E+00
1.42	7.19E+00
1.43	7.26E+00
1.44	8.86E+00
1.45	8.44E+00
1.46	8.16E+00
1.47	7.99E+00
1.48	7.88E+00
1.49	7.47E+00
1.5	7.20E+00
1.51	7.21E+00
1.52	1.04E+01
1.53	9.81E+00
1.54	9.08E+00
1.55	8.16E+00
1.56	1.00E+01
1.57	1.08E+01
1.58	1.17E+01
1.59	9.30E+00
1.6	1.07E+01
1.61	1.15E+01
1.62	1.17E+01
1.63	1.14E+01
1.64	1.11E+01
1.65	1.06E+01
1.66	7.77E+00
1.67	7.33E+00
1.68	5.78E+00
1.69	6.58E+00
1.7	7.50E+00
1.71	8.57E+00
1.72	2.90E+01
1.73	3.78E+00
1.74	9.92E+00
1.75	8.76E+00
1.76	7.68E+00
1.77	6.68E+00
1.78	5.81E+00
1.79	5.06E+00
1.8	1.78E+01
1.81	5.74E+00
1.82	5.49E+00
1.83	5.98E+00
1.84	6.50E+00
1.85	6.96E+00
1.86	7.68E+00
1.87	8.26E+00
1.88	8.32E+00
1.89	8.57E+00
1.9	9.98E+00
1.91	1.14E+01
1.92	1.26E+01
1.93	1.18E+01
1.94	1.26E+01
1.95	1.44E+01
1.96	1.66E+01
1.97	1.89E+01
1.98	1.21E+01
1.99	1.49E+01
2	1.43E+01
2.01	1.41E+01
2.02	8.91E+00
2.03	8.21E+00
2.04	1.04E+01
2.05	1.22E+01
2.06	1.09E+01
2.07	9.45E+00
2.08	8.54E+00
2.09	7.74E+00
2.1	6.94E+00
2.11	6.35E+00
2.12	8.87E+00
2.13	8.04E+00
2.14	6.88E+00
2.15	5.39E+00
2.16	3.81E+00
2.17	3.51E+00
2.18	3.68E+00
2.19	6.59E+00
2.2	1.00E+01
2.21	1.26E+01
2.22	1.42E+01
2.23	6.59E+00
2.24	6.65E+00
2.25	9.90E+00
2.26	8.79E+00
2.27	8.16E+00
2.28	8.50E+00
2.29	9.03E+00
2.3	9.59E+00
2.31	7.59E+00
2.32	7.76E+00
2.33	7.94E+00
2.34	8.15E+00
2.35	8.41E+00
2.36	8.53E+00
2.37	8.55E+00
2.38	8.50E+00
2.39	8.27E+00
2.4	7.96E+00
2.41	7.65E+00
2.42	4.80E+00
2.43	4.18E+00
2.44	3.59E+00
2.45	3.04E+00
2.46	2.53E+00
2.47	4.09E+00
2.48	3.28E+00
2.49	2.54E+00
2.5	1.87E+00
2.51	1.27E+00
2.52	7.38E-01
2.53	5.33E-01
2.54	3.83E-01
2.55	2.72E-01
2.56	2.02E-01
2.57	1.41E-01
2.58	8.81E-02
2.59	4.30E-02
2.6	6.05E-03
2.61	0.00E+00
 
