-15.23	0.00E+00
-15.22	2.70E-02
-15.21	5.29E-02
-15.2	3.81E-02
-15.19	3.95E-02
-15.18	4.09E-02
-15.17	4.21E-02
-15.16	4.34E-02
-15.15	4.45E-02
-15.14	4.45E-02
-15.13	4.14E-02
-15.12	3.85E-02
-15.11	3.67E-02
-15.1	3.70E-02
-15.09	3.73E-02
-15.08	3.76E-02
-15.07	3.78E-02
-15.06	3.80E-02
-15.05	3.81E-02
-15.04	3.83E-02
-15.03	3.84E-02
-15.02	7.53E-02
-15.01	5.91E-02
-15	4.35E-02
-14.99	2.83E-02
-14.98	1.52E-02
-14.97	1.29E-02
-14.96	1.07E-02
-14.95	9.76E-03
-14.94	1.05E-02
-14.93	1.13E-02
-14.92	1.20E-02
-14.91	1.27E-02
-14.9	1.45E-02
-14.89	1.69E-02
-14.88	1.92E-02
-14.87	4.02E-02
-14.86	9.29E-02
-14.85	1.98E-02
-14.84	1.98E-02
-14.83	1.98E-02
-14.82	1.98E-02
-14.81	1.98E-02
-14.8	1.98E-02
-14.79	1.98E-02
-14.78	1.98E-02
-14.77	1.98E-02
-14.76	1.98E-02
-14.75	1.98E-02
-14.74	1.98E-02
-14.73	1.99E-02
-14.72	1.98E-02
-14.71	1.98E-02
-14.7	1.98E-02
-14.69	1.98E-02
-14.68	1.97E-02
-14.67	2.65E-02
-14.66	2.51E-02
-14.65	2.38E-02
-14.64	2.24E-02
-14.63	2.13E-02
-14.62	2.03E-02
-14.61	1.93E-02
-14.6	1.93E-02
-14.59	1.93E-02
-14.58	1.93E-02
-14.57	1.93E-02
-14.56	1.93E-02
-14.55	1.93E-02
-14.54	1.93E-02
-14.53	1.93E-02
-14.52	1.93E-02
-14.51	1.57E-02
-14.5	1.56E-02
-14.49	1.56E-02
-14.48	1.55E-02
-14.47	1.54E-02
-14.46	1.53E-02
-14.45	1.44E-02
-14.44	1.42E-02
-14.43	1.39E-02
-14.42	1.42E-02
-14.41	1.40E-02
-14.4	1.39E-02
-14.39	1.38E-02
-14.38	1.36E-02
-14.37	1.35E-02
-14.36	1.33E-02
-14.35	1.32E-02
-14.34	1.58E-02
-14.33	2.31E-02
-14.32	2.17E-02
-14.31	2.03E-02
-14.3	1.89E-02
-14.29	1.76E-02
-14.28	1.63E-02
-14.27	1.50E-02
-14.26	1.37E-02
-14.25	1.25E-02
-14.24	1.13E-02
-14.23	1.01E-02
-14.22	8.96E-03
-14.21	8.29E-03
-14.2	7.96E-03
-14.19	7.64E-03
-14.18	7.66E-03
-14.17	1.84E-02
-14.16	1.57E-02
-14.15	1.32E-02
-14.14	1.07E-02
-14.13	8.18E-03
-14.12	5.76E-03
-14.11	6.24E-03
-14.1	7.32E-03
-14.09	8.37E-03
-14.08	9.41E-03
-14.07	1.04E-02
-14.06	1.14E-02
-14.05	1.24E-02
-14.04	1.33E-02
-14.03	1.42E-02
-14.02	1.52E-02
-14.01	9.15E-03
-14	7.84E-03
-13.99	7.83E-03
-13.98	7.82E-03
-13.97	7.81E-03
-13.96	7.80E-03
-13.95	7.79E-03
-13.94	7.77E-03
-13.93	7.75E-03
-13.92	7.74E-03
-13.91	7.72E-03
-13.9	7.70E-03
-13.89	7.69E-03
-13.88	7.66E-03
-13.87	1.14E-02
-13.86	2.30E-02
-13.85	3.44E-02
-13.84	8.13E-03
-13.83	8.06E-03
-13.82	7.99E-03
-13.81	7.92E-03
-13.8	7.85E-03
-13.79	7.79E-03
-13.78	7.72E-03
-13.77	7.66E-03
-13.76	7.70E-03
-13.75	7.78E-03
-13.74	7.85E-03
-13.73	7.93E-03
-13.72	8.00E-03
-13.71	8.07E-03
-13.7	8.14E-03
-13.69	8.20E-03
-13.68	8.26E-03
-13.67	8.32E-03
-13.66	8.38E-03
-13.65	8.44E-03
-13.64	8.44E-03
-13.63	8.43E-03
-13.62	8.47E-03
-13.61	8.56E-03
-13.6	8.66E-03
-13.59	8.75E-03
-13.58	8.85E-03
-13.57	8.93E-03
-13.56	9.02E-03
-13.55	9.10E-03
-13.54	9.18E-03
-13.53	1.09E-02
-13.52	9.30E-03
-13.51	7.68E-03
-13.5	6.07E-03
-13.49	4.49E-03
-13.48	3.02E-03
-13.47	6.12E-03
-13.46	9.27E-03
-13.45	9.44E-03
-13.44	8.74E-03
-13.43	8.05E-03
-13.42	7.38E-03
-13.41	6.73E-03
-13.4	6.08E-03
-13.39	5.44E-03
-13.38	2.54E-03
-13.37	2.62E-03
-13.36	2.70E-03
-13.35	2.77E-03
-13.34	2.85E-03
-13.33	2.92E-03
-13.32	2.99E-03
-13.31	3.05E-03
-13.3	3.12E-03
-13.29	3.19E-03
-13.28	3.25E-03
-13.27	3.31E-03
-13.26	3.36E-03
-13.25	3.41E-03
-13.24	3.47E-03
-13.23	8.77E-03
-13.22	8.71E-03
-13.21	8.65E-03
-13.2	8.59E-03
-13.19	8.51E-03
-13.18	8.43E-03
-13.17	6.80E-03
-13.16	4.52E-03
-13.15	3.59E-03
-13.14	4.48E-03
-13.13	5.43E-03
-13.12	6.44E-03
-13.11	7.52E-03
-13.1	8.65E-03
-13.09	9.85E-03
-13.08	2.25E-02
-13.07	1.23E-02
-13.06	7.59E-03
-13.05	7.01E-03
-13.04	6.40E-03
-13.03	5.74E-03
-13.02	5.06E-03
-13.01	4.35E-03
-13	3.64E-03
-12.99	2.94E-03
-12.98	2.91E-03
-12.97	2.91E-03
-12.96	2.92E-03
-12.95	3.03E-03
-12.94	3.17E-03
-12.93	3.32E-03
-12.92	3.50E-03
-12.91	3.70E-03
-12.9	3.91E-03
-12.89	4.15E-03
-12.88	4.41E-03
-12.87	4.68E-03
-12.86	4.98E-03
-12.85	5.29E-03
-12.84	5.63E-03
-12.83	5.98E-03
-12.82	4.81E-03
-12.81	4.60E-03
-12.8	4.49E-03
-12.79	1.04E-02
-12.78	3.88E-03
-12.77	3.35E-03
-12.76	3.32E-03
-12.75	3.30E-03
-12.74	3.30E-03
-12.73	3.29E-03
-12.72	3.29E-03
-12.71	3.28E-03
-12.7	3.27E-03
-12.69	3.25E-03
-12.68	3.22E-03
-12.67	3.17E-03
-12.66	3.10E-03
-12.65	3.05E-03
-12.64	3.06E-03
-12.63	3.07E-03
-12.62	3.09E-03
-12.61	3.09E-03
-12.6	3.11E-03
-12.59	3.11E-03
-12.58	4.00E-03
-12.57	4.01E-03
-12.56	4.03E-03
-12.55	4.04E-03
-12.54	4.04E-03
-12.53	4.05E-03
-12.52	4.05E-03
-12.51	4.05E-03
-12.5	4.04E-03
-12.49	4.04E-03
-12.48	4.03E-03
-12.47	4.04E-03
-12.46	4.08E-03
-12.45	5.87E-03
-12.44	7.62E-03
-12.43	9.32E-03
-12.42	7.18E-03
-12.41	6.20E-03
-12.4	5.23E-03
-12.39	4.31E-03
-12.38	4.12E-03
-12.37	3.55E-03
-12.36	3.02E-03
-12.35	2.69E-03
-12.34	2.49E-03
-12.33	1.17E-04
-12.32	1.85E-04
-12.31	4.14E-04
-12.3	6.95E-04
-12.29	1.16E-03
-12.28	1.63E-03
-12.27	2.12E-03
-12.26	2.85E-03
-12.25	3.69E-03
-12.24	4.53E-03
-12.23	5.39E-03
-12.22	6.88E-03
-12.21	9.71E-03
-12.2	6.90E-03
-12.19	6.60E-03
-12.18	6.28E-03
-12.17	5.92E-03
-12.16	5.52E-03
-12.15	5.22E-03
-12.14	5.56E-03
-12.13	5.87E-03
-12.12	6.16E-03
-12.11	4.88E-03
-12.1	4.66E-03
-12.09	7.17E-03
-12.08	6.32E-03
-12.07	3.23E-03
-12.06	2.94E-03
-12.05	2.64E-03
-12.04	2.34E-03
-12.03	2.04E-03
-12.02	1.73E-03
-12.01	1.43E-03
-12	1.15E-03
-11.99	1.10E-03
-11.98	1.05E-03
-11.97	1.01E-03
-11.96	9.80E-04
-11.95	1.02E-03
-11.94	1.23E-03
-11.93	1.50E-03
-11.92	1.80E-03
-11.91	2.14E-03
-11.9	2.52E-03
-11.89	2.93E-03
-11.88	1.49E-03
-11.87	1.54E-03
-11.86	1.58E-03
-11.85	1.61E-03
-11.84	1.63E-03
-11.83	1.75E-03
-11.82	1.77E-03
-11.81	1.70E-03
-11.8	1.62E-03
-11.79	1.55E-03
-11.78	1.49E-03
-11.77	1.42E-03
-11.76	1.36E-03
-11.75	1.30E-03
-11.74	1.25E-03
-11.73	1.24E-03
-11.72	1.22E-03
-11.71	1.20E-03
-11.7	1.18E-03
-11.69	1.17E-03
-11.68	1.14E-03
-11.67	1.12E-03
-11.66	1.56E-03
-11.65	1.26E-03
-11.64	9.60E-04
-11.63	6.69E-04
-11.62	3.85E-04
-11.61	1.07E-04
-11.6	0.00E+00
-11.59	0.00E+00
-11.58	0.00E+00
-11.57	0.00E+00
-11.56	0.00E+00
-11.55	0.00E+00
-11.54	0.00E+00
-11.53	0.00E+00
-11.52	0.00E+00
-11.51	0.00E+00
-11.5	0.00E+00
-11.49	0.00E+00
-11.48	0.00E+00
-11.47	0.00E+00
-11.46	0.00E+00
-11.45	0.00E+00
-11.44	0.00E+00
-11.43	0.00E+00
-11.42	0.00E+00
-11.41	0.00E+00
-11.4	0.00E+00
-11.39	0.00E+00
-11.38	0.00E+00
-11.37	0.00E+00
-11.36	0.00E+00
-11.35	0.00E+00
-11.34	0.00E+00
-11.33	0.00E+00
-11.32	0.00E+00
-11.31	1.41E+00
-11.3	4.25E+00
-11.29	7.07E+00
-11.28	4.59E+00
-11.27	4.80E+00
-11.26	5.01E+00
-11.25	5.22E+00
-11.24	5.43E+00
-11.23	5.64E+00
-11.22	5.84E+00
-11.21	5.71E+00
-11.2	5.41E+00
-11.19	5.13E+00
-11.18	5.00E+00
-11.17	5.08E+00
-11.16	5.17E+00
-11.15	5.26E+00
-11.14	5.34E+00
-11.13	5.42E+00
-11.12	5.51E+00
-11.11	5.59E+00
-11.1	5.67E+00
-11.09	5.75E+00
-11.08	1.13E+01
-11.07	9.40E+00
-11.06	7.53E+00
-11.05	5.69E+00
-11.04	3.86E+00
-11.03	2.29E+00
-11.02	2.03E+00
-11.01	1.81E+00
-11	1.95E+00
-10.99	2.09E+00
-10.98	2.24E+00
-10.97	2.38E+00
-10.96	2.52E+00
-10.95	2.66E+00
-10.94	2.85E+00
-10.93	3.24E+00
-10.92	5.97E+00
-10.91	1.14E+01
-10.9	1.69E+01
-10.89	3.74E+00
-10.88	3.78E+00
-10.87	3.82E+00
-10.86	3.87E+00
-10.85	3.91E+00
-10.84	3.94E+00
-10.83	3.98E+00
-10.82	4.02E+00
-10.81	4.07E+00
-10.8	4.11E+00
-10.79	4.15E+00
-10.78	4.20E+00
-10.77	4.25E+00
-10.76	4.31E+00
-10.75	4.36E+00
-10.74	4.41E+00
-10.73	4.46E+00
-10.72	4.50E+00
-10.71	4.55E+00
-10.7	4.60E+00
-10.69	6.43E+00
-10.68	6.14E+00
-10.67	5.87E+00
-10.66	5.59E+00
-10.65	5.32E+00
-10.64	5.11E+00
-10.63	4.90E+00
-10.62	4.91E+00
-10.61	4.96E+00
-10.6	5.02E+00
-10.59	5.07E+00
-10.58	5.13E+00
-10.57	5.18E+00
-10.56	5.24E+00
-10.55	5.29E+00
-10.54	5.35E+00
-10.53	5.40E+00
-10.52	5.46E+00
-10.51	4.43E+00
-10.5	4.45E+00
-10.49	4.47E+00
-10.48	4.50E+00
-10.47	4.52E+00
-10.46	4.54E+00
-10.45	4.51E+00
-10.44	4.37E+00
-10.43	4.34E+00
-10.42	4.35E+00
-10.41	4.43E+00
-10.4	4.42E+00
-10.39	4.43E+00
-10.38	4.43E+00
-10.37	4.43E+00
-10.36	4.44E+00
-10.35	4.43E+00
-10.34	4.44E+00
-10.33	5.38E+00
-10.32	7.88E+00
-10.31	7.50E+00
-10.3	7.13E+00
-10.29	6.75E+00
-10.28	6.38E+00
-10.27	6.00E+00
-10.26	5.63E+00
-10.25	5.26E+00
-10.24	4.89E+00
-10.23	4.51E+00
-10.22	4.15E+00
-10.21	3.77E+00
-10.2	3.42E+00
-10.19	3.18E+00
-10.18	3.09E+00
-10.17	3.10E+00
-10.16	3.14E+00
-10.15	3.20E+00
-10.14	7.96E+00
-10.13	6.81E+00
-10.12	5.66E+00
-10.11	4.50E+00
-10.1	3.35E+00
-10.09	2.47E+00
-10.08	2.89E+00
-10.07	3.42E+00
-10.06	3.94E+00
-10.05	4.46E+00
-10.04	4.98E+00
-10.03	5.50E+00
-10.02	6.02E+00
-10.01	6.54E+00
-10	7.06E+00
-9.99	7.58E+00
-9.98	3.88E+00
-9.97	3.91E+00
-9.96	3.94E+00
-9.95	3.97E+00
-9.94	3.99E+00
-9.93	4.02E+00
-9.92	4.05E+00
-9.91	4.08E+00
-9.9	4.11E+00
-9.89	4.14E+00
-9.88	4.17E+00
-9.87	4.19E+00
-9.86	4.22E+00
-9.85	4.26E+00
-9.84	4.29E+00
-9.83	4.31E+00
-9.82	4.98E+00
-9.81	1.33E+01
-9.8	2.16E+01
-9.79	4.87E+00
-9.78	4.89E+00
-9.77	4.90E+00
-9.76	4.92E+00
-9.75	4.94E+00
-9.74	4.95E+00
-9.73	4.96E+00
-9.72	5.03E+00
-9.71	5.09E+00
-9.7	5.16E+00
-9.69	5.22E+00
-9.68	5.28E+00
-9.67	5.35E+00
-9.66	5.40E+00
-9.65	5.47E+00
-9.64	5.53E+00
-9.63	5.56E+00
-9.62	5.58E+00
-9.61	5.68E+00
-9.6	5.78E+00
-9.59	5.90E+00
-9.58	6.01E+00
-9.57	6.12E+00
-9.56	6.22E+00
-9.55	6.33E+00
-9.54	6.44E+00
-9.53	6.55E+00
-9.52	6.66E+00
-9.51	6.77E+00
-9.5	6.90E+00
-9.49	7.40E+00
-9.48	7.89E+00
-9.47	8.39E+00
-9.46	8.88E+00
-9.45	1.19E+01
-9.44	5.66E+00
-9.43	6.15E+00
-9.42	7.27E+00
-9.41	8.83E+00
-9.4	1.04E+01
-9.39	5.80E+00
-9.38	6.42E+00
-9.37	7.04E+00
-9.36	8.84E+00
-9.35	8.21E+00
-9.34	7.70E+00
-9.33	7.24E+00
-9.32	6.78E+00
-9.31	6.32E+00
-9.3	5.86E+00
-9.29	5.41E+00
-9.28	4.96E+00
-9.27	4.51E+00
-9.26	4.07E+00
-9.25	3.70E+00
-9.24	3.48E+00
-9.23	3.67E+00
-9.22	4.48E+00
-9.21	5.28E+00
-9.2	6.16E+00
-9.19	7.38E+00
-9.18	8.80E+00
-9.17	1.01E+01
-9.16	1.13E+01
-9.15	9.20E+00
-9.14	9.88E+00
-9.13	1.05E+01
-9.12	1.09E+01
-9.11	1.13E+01
-9.1	9.63E+00
-9.09	9.07E-01
-9.08	1.12E-01
-9.07	2.07E-01
-9.06	3.14E-01
-9.05	6.17E-01
-9.04	9.18E-01
-9.03	1.28E+00
-9.02	1.68E+00
-9.01	2.02E+00
-9	2.25E+00
-8.99	2.39E+00
-8.98	2.43E+00
-8.97	2.36E+00
-8.96	2.19E+00
-8.95	1.92E+00
-8.94	1.55E+00
-8.93	1.07E+00
-8.92	4.97E-01
-8.91	3.13E-01
-8.9	3.66E-01
-8.89	4.22E-01
-8.88	4.83E-01
-8.87	5.69E-01
-8.86	6.92E-01
-8.85	8.50E-01
-8.84	1.04E+00
-8.83	1.23E+00
-8.82	1.48E+00
-8.81	1.77E+00
-8.8	2.09E+00
-8.79	2.44E+00
-8.78	2.83E+00
-8.77	3.25E+00
-8.76	3.71E+00
-8.75	3.22E+00
-8.74	2.15E+00
-8.73	1.94E+00
-8.72	1.74E+00
-8.71	1.56E+00
-8.7	1.40E+00
-8.69	1.27E+00
-8.68	1.16E+00
-8.67	1.07E+00
-8.66	1.00E+00
-8.65	9.57E-01
-8.64	9.22E-01
-8.63	8.86E-01
-8.62	8.52E-01
-8.61	8.17E-01
-8.6	1.07E+00
-8.59	9.57E-01
-8.58	8.27E-01
-8.57	7.09E-01
-8.56	6.36E-01
-8.55	5.62E-01
-8.54	5.06E-01
-8.53	4.69E-01
-8.52	4.32E-01
-8.51	3.95E-01
-8.5	3.63E-01
-8.49	3.37E-01
-8.48	3.11E-01
-8.47	2.85E-01
-8.46	2.58E-01
-8.45	2.31E-01
-8.44	2.03E-01
-8.43	1.75E-01
-8.42	1.73E-01
-8.41	1.75E-01
-8.4	1.77E-01
-8.39	1.80E-01
-8.38	1.83E-01
-8.37	1.86E-01
-8.36	9.02E-01
-8.35	6.53E+00
-8.34	9.57E-02
-8.33	1.02E-01
-8.32	1.09E-01
-8.31	1.16E-01
-8.3	1.24E-01
-8.29	1.31E-01
-8.28	1.39E-01
-8.27	1.48E-01
-8.26	1.56E-01
-8.25	1.65E-01
-8.24	2.14E-01
-8.23	2.25E-01
-8.22	2.35E-01
-8.21	2.44E-01
-8.2	2.53E-01
-8.19	2.61E-01
-8.18	2.68E-01
-8.17	2.74E-01
-8.16	5.48E-01
-8.15	5.26E-01
-8.14	5.03E-01
-8.13	4.80E-01
-8.12	4.56E-01
-8.11	4.31E-01
-8.1	4.06E-01
-8.09	3.79E-01
-8.08	3.53E-01
-8.07	3.26E-01
-8.06	2.98E-01
-8.05	2.70E-01
-8.04	2.42E-01
-8.03	2.14E-01
-8.02	1.85E-01
-8.01	2.67E-01
-8	7.33E-01
-7.99	1.60E+00
-7.98	2.86E+00
-7.97	4.53E+00
-7.96	6.50E+00
-7.95	3.51E+00
-7.94	2.77E+00
-7.93	2.24E+00
-7.92	1.89E+00
-7.91	1.74E+00
-7.9	1.74E+00
-7.89	1.76E+00
-7.88	1.79E+00
-7.87	1.82E+00
-7.86	1.86E+00
-7.85	1.90E+00
-7.84	1.94E+00
-7.83	1.99E+00
-7.82	2.05E+00
-7.81	2.10E+00
-7.8	2.17E+00
-7.79	2.32E+00
-7.78	2.55E+00
-7.77	2.77E+00
-7.76	2.98E+00
-7.75	3.19E+00
-7.74	3.40E+00
-7.73	3.60E+00
-7.72	3.79E+00
-7.71	3.98E+00
-7.7	4.17E+00
-7.69	4.23E+00
-7.68	4.35E+00
-7.67	4.47E+00
-7.66	4.27E+00
-7.65	4.48E+00
-7.64	4.57E+00
-7.63	4.52E+00
-7.62	4.36E+00
-7.61	4.09E+00
-7.6	6.45E+00
-7.59	1.11E+01
-7.58	4.43E+00
-7.57	4.42E+00
-7.56	4.42E+00
-7.55	4.40E+00
-7.54	4.37E+00
-7.53	4.33E+00
-7.52	4.65E+00
-7.51	4.98E+00
-7.5	5.31E+00
-7.49	5.64E+00
-7.48	4.08E+00
-7.47	4.20E+00
-7.46	4.32E+00
-7.45	4.42E+00
-7.44	4.52E+00
-7.43	4.59E+00
-7.42	4.66E+00
-7.41	4.72E+00
-7.4	4.77E+00
-7.39	5.02E+00
-7.38	5.25E+00
-7.37	5.41E+00
-7.36	5.50E+00
-7.35	5.51E+00
-7.34	5.45E+00
-7.33	5.31E+00
-7.32	5.09E+00
-7.31	4.74E+00
-7.3	4.26E+00
-7.29	8.13E+00
-7.28	7.71E+00
-7.27	6.40E+00
-7.26	4.49E+00
-7.25	2.15E+00
-7.24	2.03E+00
-7.23	1.98E+00
-7.22	1.93E+00
-7.21	1.88E+00
-7.2	1.81E+00
-7.19	1.72E+00
-7.18	1.63E+00
-7.17	6.91E+00
-7.16	6.19E+00
-7.15	5.50E+00
-7.14	4.85E+00
-7.13	4.23E+00
-7.12	3.75E+00
-7.11	3.41E+00
-7.1	3.12E+00
-7.09	2.89E+00
-7.08	2.70E+00
-7.07	2.57E+00
-7.06	2.48E+00
-7.05	2.45E+00
-7.04	2.42E+00
-7.03	2.41E+00
-7.02	2.39E+00
-7.01	2.37E+00
-7	2.36E+00
-6.99	2.34E+00
-6.98	2.32E+00
-6.97	2.31E+00
-6.96	2.31E+00
-6.95	2.43E+00
-6.94	2.78E+00
-6.93	4.03E+00
-6.92	6.28E+00
-6.91	9.26E+00
-6.9	2.10E+00
-6.89	2.18E+00
-6.88	2.26E+00
-6.87	2.35E+00
-6.86	2.42E+00
-6.85	2.50E+00
-6.84	2.26E+00
-6.83	2.33E+00
-6.82	2.40E+00
-6.81	2.48E+00
-6.8	2.55E+00
-6.79	2.62E+00
-6.78	2.70E+00
-6.77	2.77E+00
-6.76	2.84E+00
-6.75	2.91E+00
-6.74	2.97E+00
-6.73	1.39E+01
-6.72	1.04E+01
-6.71	8.23E+00
-6.7	7.12E+00
-6.69	5.91E+00
-6.68	4.48E+00
-6.67	2.86E+00
-6.66	1.90E+00
-6.65	1.71E+00
-6.64	1.59E+00
-6.63	1.50E+00
-6.62	1.43E+00
-6.61	1.38E+00
-6.6	1.36E+00
-6.59	1.37E+00
-6.58	1.40E+00
-6.57	1.43E+00
-6.56	1.47E+00
-6.55	1.66E+00
-6.54	1.68E+00
-6.53	1.70E+00
-6.52	1.72E+00
-6.51	1.75E+00
-6.5	1.77E+00
-6.49	1.81E+00
-6.48	1.84E+00
-6.47	1.89E+00
-6.46	1.93E+00
-6.45	1.98E+00
-6.44	2.02E+00
-6.43	2.08E+00
-6.42	2.14E+00
-6.41	2.20E+00
-6.4	2.27E+00
-6.39	2.33E+00
-6.38	2.41E+00
-6.37	2.48E+00
-6.36	2.56E+00
-6.35	2.64E+00
-6.34	2.73E+00
-6.33	2.92E+00
-6.32	5.84E+00
-6.31	2.81E+00
-6.3	4.60E+00
-6.29	3.22E+00
-6.28	2.34E+00
-6.27	2.29E+00
-6.26	2.17E+00
-6.25	1.98E+00
-6.24	1.72E+00
-6.23	1.40E+00
-6.22	1.07E+00
-6.21	8.51E-01
-6.2	7.92E-01
-6.19	8.12E-01
-6.18	8.31E-01
-6.17	8.49E-01
-6.16	5.49E+01
-6.15	1.64E+00
-6.14	1.40E+00
-6.13	1.18E+00
-6.12	9.41E-01
-6.11	7.61E-01
-6.1	6.06E-01
-6.09	4.74E-01
-6.08	3.67E-01
-6.07	2.83E-01
-6.06	2.24E-01
-6.05	1.89E-01
-6.04	1.78E-01
-6.03	1.91E-01
-6.02	2.17E-01
-6.01	2.80E-01
-6	3.98E-01
-5.99	5.85E-01
-5.98	9.34E-01
-5.97	1.57E+00
-5.96	2.50E+00
-5.95	3.72E+00
-5.94	5.23E+00
-5.93	7.02E+00
-5.92	3.33E+00
-5.91	2.94E+00
-5.9	2.62E+00
-5.89	2.39E+00
-5.88	2.22E+00
-5.87	2.13E+00
-5.86	2.13E+00
-5.85	2.22E+00
-5.84	2.63E+00
-5.83	3.40E+00
-5.82	1.99E+00
-5.81	1.99E+00
-5.8	1.99E+00
-5.79	1.98E+00
-5.78	1.97E+00
-5.77	1.97E+00
-5.76	1.96E+00
-5.75	1.95E+00
-5.74	1.94E+00
-5.73	1.93E+00
-5.72	1.91E+00
-5.71	1.89E+00
-5.7	1.88E+00
-5.69	2.01E+00
-5.68	2.34E+00
-5.67	2.61E+00
-5.66	2.81E+00
-5.65	2.94E+00
-5.64	3.00E+00
-5.63	3.61E+00
-5.62	4.57E+00
-5.61	6.28E-01
-5.6	6.52E-01
-5.59	6.86E-01
-5.58	7.22E-01
-5.57	7.62E-01
-5.56	8.04E-01
-5.55	8.25E-01
-5.54	8.87E-01
-5.53	9.49E-01
-5.52	1.01E+00
-5.51	1.07E+00
-5.5	1.22E+00
-5.49	1.26E+00
-5.48	1.30E+00
-5.47	1.36E+00
-5.46	1.40E+00
-5.45	1.44E+00
-5.44	1.49E+00
-5.43	1.55E+00
-5.42	1.61E+00
-5.41	1.68E+00
-5.4	1.75E+00
-5.39	1.81E+00
-5.38	1.86E+00
-5.37	1.92E+00
-5.36	2.11E+00
-5.35	2.43E+00
-5.34	2.65E+00
-5.33	2.83E+00
-5.32	3.00E+00
-5.31	3.14E+00
-5.3	3.28E+00
-5.29	3.34E+00
-5.28	3.31E+00
-5.27	3.27E+00
-5.26	3.21E+00
-5.25	3.14E+00
-5.24	3.05E+00
-5.23	2.97E+00
-5.22	8.65E+00
-5.21	2.38E+00
-5.2	2.29E+00
-5.19	2.19E+00
-5.18	2.04E+00
-5.17	1.89E+00
-5.16	1.73E+00
-5.15	1.58E+00
-5.14	1.42E+00
-5.13	1.27E+00
-5.12	1.13E+00
-5.11	9.85E-01
-5.1	8.47E-01
-5.09	7.12E-01
-5.08	5.82E-01
-5.07	4.54E-01
-5.06	3.31E-01
-5.05	2.12E-01
-5.04	1.67E-01
-5.03	1.34E-01
-5.02	1.13E-01
-5.01	1.02E-01
-5	9.98E-02
-4.99	9.65E-02
-4.98	9.21E-02
-4.97	8.66E-02
-4.96	8.09E-02
-4.95	7.56E-02
-4.94	7.05E-02
-4.93	6.57E-02
-4.92	6.12E-02
-4.91	5.71E-02
-4.9	5.33E-02
-4.89	4.97E-02
-4.88	4.37E-02
-4.87	4.19E-02
-4.86	4.00E-02
-4.85	3.82E-02
-4.84	3.65E-02
-4.83	3.47E-02
-4.82	3.30E-02
-4.81	3.12E-02
-4.8	2.95E-02
-4.79	2.78E-02
-4.78	2.61E-02
-4.77	2.44E-02
-4.76	2.28E-02
-4.75	2.12E-02
-4.74	1.96E-02
-4.73	1.80E-02
-4.72	1.64E-02
-4.71	4.35E-02
-4.7	1.99E-02
-4.69	1.07E-02
-4.68	1.30E-02
-4.67	2.37E-02
-4.66	4.24E-02
-4.65	6.93E-02
-4.64	1.04E-01
-4.63	1.48E-01
-4.62	1.99E-01
-4.61	2.58E-01
-4.6	3.25E-01
-4.59	4.00E-01
-4.58	7.50E-01
-4.57	1.53E+00
-4.56	1.86E+00
-4.55	1.99E+00
-4.54	2.49E+00
-4.53	3.16E+00
-4.52	2.07E+00
-4.51	1.56E+00
-4.5	1.59E+00
-4.49	1.91E+00
-4.48	2.62E+00
-4.47	1.92E+00
-4.46	1.33E+00
-4.45	1.43E+00
-4.44	1.43E+00
-4.43	1.41E+00
-4.42	1.40E+00
-4.41	1.40E+00
-4.4	1.42E+00
-4.39	1.45E+00
-4.38	1.47E+00
-4.37	1.48E+00
-4.36	1.49E+00
-4.35	1.50E+00
-4.34	1.50E+00
-4.33	1.50E+00
-4.32	1.57E+00
-4.31	1.82E+00
-4.3	2.25E+00
-4.29	2.86E+00
-4.28	3.67E+00
-4.27	4.65E+00
-4.26	4.51E-01
-4.25	6.10E-01
-4.24	4.36E-01
-4.23	2.62E-01
-4.22	1.31E-01
-4.21	4.52E-02
-4.2	1.61E+00
-4.19	2.89E+00
-4.18	1.05E+00
-4.17	7.95E-02
-4.16	7.07E-01
-4.15	1.30E+00
-4.14	1.58E+00
-4.13	1.51E+00
-4.12	1.12E+00
-4.11	5.01E-01
-4.1	6.22E-01
-4.09	7.51E-01
-4.08	8.87E-01
-4.07	7.83E-01
-4.06	8.38E-01
-4.05	8.86E-01
-4.04	9.27E-01
-4.03	9.61E-01
-4.02	9.88E-01
-4.01	1.01E+00
-4	1.24E+00
-3.99	2.01E+00
-3.98	2.55E+00
-3.97	2.62E+00
-3.96	2.25E+00
-3.95	1.42E+00
-3.94	3.31E-01
-3.93	1.74E-01
-3.92	4.17E-01
-3.91	4.12E-01
-3.9	1.53E-01
-3.89	1.61E-01
-3.88	1.68E-01
-3.87	1.91E-01
-3.86	2.46E-01
-3.85	3.35E-01
-3.84	4.55E-01
-3.83	5.64E-01
-3.82	7.41E-01
-3.81	9.60E-01
-3.8	1.20E+00
-3.79	1.51E+00
-3.78	1.65E+00
-3.77	1.93E+00
-3.76	2.29E+00
-3.75	4.00E+00
-3.74	3.10E+00
-3.73	2.39E+00
-3.72	1.90E+00
-3.71	1.59E+00
-3.7	1.47E+00
-3.69	1.37E+00
-3.68	1.27E+00
-3.67	1.24E+00
-3.66	1.21E+00
-3.65	1.20E+00
-3.64	1.17E+00
-3.63	1.15E+00
-3.62	1.16E+00
-3.61	1.16E+00
-3.6	1.09E+00
-3.59	9.95E-01
-3.58	8.75E-01
-3.57	7.40E-01
-3.56	5.04E-01
-3.55	4.49E-01
-3.54	1.02E+00
-3.53	9.19E-01
-3.52	8.33E-01
-3.51	7.65E-01
-3.5	7.63E-01
-3.49	8.35E-01
-3.48	9.80E-01
-3.47	1.20E+00
-3.46	1.49E+00
-3.45	1.81E+00
-3.44	2.18E+00
-3.43	2.65E+00
-3.42	3.03E+00
-3.41	1.43E+00
-3.4	1.48E+00
-3.39	1.52E+00
-3.38	1.56E+00
-3.37	1.62E+00
-3.36	1.68E+00
-3.35	1.74E+00
-3.34	1.80E+00
-3.33	1.87E+00
-3.32	1.94E+00
-3.31	2.01E+00
-3.3	2.14E+00
-3.29	1.72E+00
-3.28	1.34E+00
-3.27	1.21E+00
-3.26	1.65E+00
-3.25	1.90E+00
-3.24	4.96E-01
-3.23	3.66E-01
-3.22	2.89E-01
-3.21	2.62E-01
-3.2	2.55E-01
-3.19	2.48E-01
-3.18	2.40E-01
-3.17	2.32E-01
-3.16	2.18E-01
-3.15	1.86E-01
-3.14	1.57E-01
-3.13	1.37E-01
-3.12	7.19E-02
-3.11	1.07E-01
-3.1	1.50E-01
-3.09	1.89E-01
-3.08	2.09E-01
-3.07	2.11E-01
-3.06	1.99E-01
-3.05	3.34E-01
-3.04	2.07E-01
-3.03	1.25E-01
-3.02	1.16E-01
-3.01	1.10E-01
-3	1.12E-01
-2.99	1.27E-01
-2.98	1.56E-01
-2.97	2.00E-01
-2.96	2.54E-01
-2.95	3.20E-01
-2.94	1.32E-01
-2.93	1.43E-01
-2.92	1.63E-01
-2.91	1.82E-01
-2.9	2.00E-01
-2.89	2.18E-01
-2.88	2.34E-01
-2.87	2.50E-01
-2.86	2.64E-01
-2.85	2.86E-01
-2.84	3.22E-01
-2.83	3.73E-01
-2.82	4.53E-01
-2.81	5.69E-01
-2.8	4.24E-01
-2.79	5.08E-01
-2.78	2.93E-01
-2.77	2.94E-01
-2.76	2.95E-01
-2.75	2.95E-01
-2.74	2.94E-01
-2.73	2.93E-01
-2.72	2.91E-01
-2.71	2.89E-01
-2.7	2.85E-01
-2.69	2.82E-01
-2.68	2.77E-01
-2.67	2.74E-01
-2.66	2.80E-01
-2.65	2.80E-01
-2.64	2.81E-01
-2.63	2.81E-01
-2.62	2.81E-01
-2.61	2.80E-01
-2.6	2.79E-01
-2.59	2.77E-01
-2.58	2.75E-01
-2.57	2.63E-01
-2.56	2.65E-01
-2.55	2.66E-01
-2.54	2.66E-01
-2.53	2.67E-01
-2.52	2.68E-01
-2.51	2.68E-01
-2.5	2.69E-01
-2.49	2.69E-01
-2.48	2.71E-01
-2.47	2.72E-01
-2.46	2.73E-01
-2.45	2.73E-01
-2.44	2.75E-01
-2.43	2.80E-01
-2.42	2.88E-01
-2.41	2.96E-01
-2.4	3.04E-01
-2.39	3.11E-01
-2.38	3.18E-01
-2.37	3.20E-01
-2.36	3.19E-01
-2.35	3.08E-01
-2.34	3.44E-01
-2.33	5.09E-01
-2.32	2.94E-01
-2.31	2.89E-01
-2.3	2.84E-01
-2.29	2.79E-01
-2.28	2.74E-01
-2.27	2.68E-01
-2.26	2.97E-01
-2.25	2.82E-01
-2.24	2.70E-01
-2.23	2.58E-01
-2.22	3.77E-01
-2.21	3.25E-01
-2.2	2.59E-01
-2.19	2.20E-01
-2.18	1.74E-01
-2.17	1.37E-01
-2.16	1.23E-01
-2.15	1.11E-01
-2.14	9.88E-02
-2.13	8.77E-02
-2.12	7.74E-02
-2.11	8.53E-02
-2.1	3.75E-01
-2.09	8.00E-02
-2.08	1.06E-01
-2.07	1.29E-01
-2.06	1.53E-01
-2.05	1.72E-01
-2.04	1.91E-01
-2.03	2.10E-01
-2.02	5.06E-01
-2.01	3.11E-01
-2	3.61E-01
-1.99	4.22E-01
-1.98	5.05E-01
-1.97	7.00E-01
-1.96	7.33E-01
-1.95	9.60E-01
-1.94	8.10E-01
-1.93	7.67E-01
-1.92	2.76E-01
-1.91	2.47E-01
-1.9	2.63E-01
-1.89	2.41E-01
-1.88	2.18E-01
-1.87	3.74E-01
-1.86	1.06E-01
-1.85	2.05E-01
-1.84	2.56E-01
-1.83	2.64E-01
-1.82	4.43E-01
-1.81	4.64E-01
-1.8	4.72E-01
-1.79	4.66E-01
-1.78	4.51E-01
-1.77	4.22E-01
-1.76	3.79E-01
-1.75	3.29E-01
-1.74	3.45E-01
-1.73	3.58E-01
-1.72	3.91E-01
-1.71	3.92E-01
-1.7	5.94E-01
-1.69	7.21E-01
-1.68	3.18E-01
-1.67	2.77E-01
-1.66	1.43E+00
-1.65	1.17E+00
-1.64	6.96E-01
-1.63	5.03E-01
-1.62	5.02E-01
-1.61	4.11E-01
-1.6	2.91E-01
-1.59	2.66E-01
-1.58	2.46E-01
-1.57	2.32E-01
-1.56	2.40E-01
-1.55	2.65E-01
-1.54	2.89E-01
-1.53	3.15E-01
-1.52	3.41E-01
-1.51	3.66E-01
-1.5	3.93E-01
-1.49	8.72E-01
-1.48	2.33E-01
-1.47	4.05E-01
-1.46	7.11E-01
-1.45	8.92E-01
-1.44	9.91E-01
-1.43	8.13E-01
-1.42	8.09E-01
-1.41	1.39E+00
-1.4	3.04E-01
-1.39	2.98E-01
-1.38	2.94E-01
-1.37	2.90E-01
-1.36	3.14E-01
-1.35	3.20E-01
-1.34	3.27E-01
-1.33	3.60E-01
-1.32	3.69E-01
-1.31	3.77E-01
-1.3	3.86E-01
-1.29	3.93E-01
-1.28	4.01E-01
-1.27	4.10E-01
-1.26	4.19E-01
-1.25	4.27E-01
-1.24	4.35E-01
-1.23	4.43E-01
-1.22	5.65E-01
-1.21	6.99E-01
-1.2	8.26E-01
-1.19	9.46E-01
-1.18	9.44E-01
-1.17	1.95E+00
-1.16	2.09E+00
-1.15	4.96E+00
-1.14	1.39E+00
-1.13	1.30E+00
-1.12	1.11E+00
-1.11	8.81E-01
-1.1	9.03E-01
-1.09	9.17E-01
-1.08	9.21E-01
-1.07	9.16E-01
-1.06	9.02E-01
-1.05	8.79E-01
-1.04	8.46E-01
-1.03	8.05E-01
-1.02	7.54E-01
-1.01	7.66E-01
-1	7.93E-01
-0.99	8.21E-01
-0.98	8.51E-01
-0.97	8.80E-01
-0.96	9.10E-01
-0.95	6.88E-01
-0.94	5.60E-01
-0.93	5.14E-01
-0.92	5.79E-01
-0.91	7.55E-01
-0.9	1.09E+00
-0.89	2.64E+00
-0.88	6.77E-01
-0.87	3.99E-01
-0.86	1.81E+00
-0.85	8.92E-01
-0.84	8.34E-01
-0.83	7.70E-01
-0.82	7.00E-01
-0.81	6.23E-01
-0.8	5.39E-01
-0.79	4.51E-01
-0.78	3.55E-01
-0.77	2.74E-01
-0.76	3.12E-01
-0.75	3.54E-01
-0.74	3.97E-01
-0.73	4.38E-01
-0.72	4.78E-01
-0.71	5.18E-01
-0.7	5.56E-01
-0.69	5.94E-01
-0.68	6.32E-01
-0.67	6.67E-01
-0.66	7.03E-01
-0.65	7.37E-01
-0.64	7.71E-01
-0.63	4.10E-01
-0.62	4.10E-01
-0.61	4.08E-01
-0.6	4.08E-01
-0.59	4.05E-01
-0.58	4.04E-01
-0.57	4.02E-01
-0.56	4.00E-01
-0.55	3.92E-01
-0.54	3.82E-01
-0.53	3.72E-01
-0.52	3.60E-01
-0.51	3.49E-01
-0.5	3.39E-01
-0.49	3.28E-01
-0.48	3.17E-01
-0.47	3.07E-01
-0.46	2.96E-01
-0.45	2.86E-01
-0.44	2.76E-01
-0.43	2.65E-01
-0.42	2.55E-01
-0.41	2.49E-01
-0.4	2.46E-01
-0.39	2.44E-01
-0.38	2.42E-01
-0.37	2.40E-01
-0.36	2.37E-01
-0.35	2.35E-01
-0.34	2.32E-01
-0.33	2.30E-01
-0.32	2.27E-01
-0.31	2.25E-01
-0.3	2.22E-01
-0.29	2.20E-01
-0.28	2.17E-01
-0.27	2.14E-01
-0.26	1.73E-01
-0.25	1.66E-01
-0.24	1.59E-01
-0.23	1.52E-01
-0.22	1.45E-01
-0.21	1.37E-01
-0.2	1.30E-01
-0.19	1.23E-01
-0.18	1.15E-01
-0.17	1.08E-01
-0.16	1.00E-01
-0.15	9.26E-02
-0.14	8.50E-02
-0.13	7.74E-02
-0.12	6.97E-02
-0.11	6.20E-02
-0.1	5.43E-02
-0.09	4.65E-02
-0.08	3.87E-02
-0.07	3.08E-02
-0.06	2.29E-02
-0.05	1.50E-02
-0.04	7.00E-03
-0.03	0.00E+00
-0.02	0.00E+00
-0.01	0.00E+00
0	0.00E+00
0.01	0.00E+00
0.02	0.00E+00
0.03	0.00E+00
0.04	0.00E+00
0.05	0.00E+00
0.06	0.00E+00
0.07	9.86E-04
0.08	6.00E-03
0.09	1.10E-02
0.1	1.82E-02
0.11	2.86E-02
0.12	4.48E-02
0.13	6.22E-02
0.14	7.95E-02
0.15	9.64E-02
0.16	1.13E-01
0.17	1.30E-01
0.18	1.47E-01
0.19	1.63E-01
0.2	1.79E-01
0.21	1.94E-01
0.22	2.10E-01
0.23	2.26E-01
0.24	2.41E-01
0.25	2.57E-01
0.26	2.71E-01
0.27	4.68E-01
0.28	4.76E-01
0.29	5.10E-01
0.3	5.19E-01
0.31	5.28E-01
0.32	5.38E-01
0.33	6.08E-01
0.34	1.04E+00
0.35	1.66E+00
0.36	2.29E+00
0.37	1.29E+00
0.38	1.25E+00
0.39	1.22E+00
0.4	7.94E-01
0.41	3.47E-01
0.42	3.55E-01
0.43	1.11E+00
0.44	1.19E+00
0.45	1.35E+00
0.46	2.78E+00
0.47	1.14E-01
0.48	1.13E-01
0.49	1.12E-01
0.5	1.11E-01
0.51	1.09E-01
0.52	1.07E-01
0.53	1.05E-01
0.54	1.03E-01
0.55	1.00E-01
0.56	9.76E-02
0.57	9.47E-02
0.58	2.41E-01
0.59	5.30E-01
0.6	1.20E+00
0.61	2.39E+00
0.62	5.69E+00
0.63	1.01E+01
0.64	3.66E+00
0.65	3.25E+00
0.66	2.78E+00
0.67	3.06E+00
0.68	2.60E+00
0.69	2.11E+00
0.7	1.73E+00
0.71	1.42E+00
0.72	1.08E+00
0.73	9.12E-01
0.74	9.92E-01
0.75	1.41E+00
0.76	1.07E+00
0.77	2.54E-01
0.78	1.30E-01
0.79	1.34E-01
0.8	1.39E-01
0.81	1.44E-01
0.82	1.48E-01
0.83	1.53E-01
0.84	1.58E-01
0.85	1.62E-01
0.86	1.67E-01
0.87	1.72E-01
0.88	1.76E-01
0.89	1.81E-01
0.9	1.85E-01
0.91	1.90E-01
0.92	1.95E-01
0.93	1.99E-01
0.94	2.03E-01
0.95	2.08E-01
0.96	2.13E-01
0.97	2.17E-01
0.98	2.22E-01
0.99	2.26E-01
1	2.31E-01
1.01	2.35E-01
1.02	2.40E-01
1.03	2.44E-01
1.04	2.49E-01
1.05	2.53E-01
1.06	2.57E-01
1.07	4.55E-01
1.08	1.27E+00
1.09	1.97E+00
1.1	7.81E-01
1.11	8.31E-01
1.12	8.82E-01
1.13	1.01E+00
1.14	1.13E+00
1.15	1.30E+00
1.16	2.30E+00
1.17	3.15E+00
1.18	3.67E+00
1.19	3.84E+00
1.2	3.67E+00
1.21	3.12E+00
1.22	3.14E+00
1.23	3.35E+00
1.24	3.23E+00
1.25	2.60E+00
1.26	2.06E+00
1.27	2.11E+00
1.28	2.16E+00
1.29	2.34E+00
1.3	2.47E+00
1.31	2.42E+00
1.32	2.15E+00
1.33	2.05E+00
1.34	2.03E+00
1.35	1.96E+00
1.36	1.89E+00
1.37	1.84E+00
1.38	1.81E+00
1.39	1.80E+00
1.4	1.83E+00
1.41	1.88E+00
1.42	1.94E+00
1.43	2.01E+00
1.44	2.48E+00
1.45	2.40E+00
1.46	2.36E+00
1.47	2.36E+00
1.48	2.38E+00
1.49	2.30E+00
1.5	2.27E+00
1.51	2.30E+00
1.52	2.76E+00
1.53	2.66E+00
1.54	2.57E+00
1.55	2.51E+00
1.56	3.71E+00
1.57	4.06E+00
1.58	3.95E+00
1.59	3.35E+00
1.6	3.99E+00
1.61	4.28E+00
1.62	4.42E+00
1.63	4.43E+00
1.64	4.43E+00
1.65	4.41E+00
1.66	2.87E+00
1.67	2.61E+00
1.68	2.03E+00
1.69	2.23E+00
1.7	2.50E+00
1.71	2.85E+00
1.72	1.01E+01
1.73	1.24E+00
1.74	2.42E+00
1.75	2.23E+00
1.76	2.01E+00
1.77	1.76E+00
1.78	1.51E+00
1.79	1.32E+00
1.8	3.31E+00
1.81	1.61E+00
1.82	1.51E+00
1.83	1.55E+00
1.84	1.61E+00
1.85	1.69E+00
1.86	1.83E+00
1.87	1.95E+00
1.88	1.93E+00
1.89	1.95E+00
1.9	2.00E+00
1.91	2.03E+00
1.92	2.03E+00
1.93	1.99E+00
1.94	2.06E+00
1.95	2.26E+00
1.96	2.48E+00
1.97	2.64E+00
1.98	1.75E+00
1.99	1.98E+00
2	1.86E+00
2.01	1.80E+00
2.02	1.44E+00
2.03	1.51E+00
2.04	2.02E+00
2.05	2.70E+00
2.06	2.62E+00
2.07	2.45E+00
2.08	2.35E+00
2.09	2.22E+00
2.1	2.06E+00
2.11	1.94E+00
2.12	2.97E+00
2.13	2.95E+00
2.14	2.66E+00
2.15	2.06E+00
2.16	1.25E+00
2.17	1.04E+00
2.18	1.07E+00
2.19	1.65E+00
2.2	2.74E+00
2.21	3.25E+00
2.22	3.16E+00
2.23	1.80E+00
2.24	1.84E+00
2.25	2.27E+00
2.26	2.18E+00
2.27	2.13E+00
2.28	2.23E+00
2.29	2.37E+00
2.3	2.52E+00
2.31	1.96E+00
2.32	2.05E+00
2.33	2.18E+00
2.34	2.32E+00
2.35	2.49E+00
2.36	2.61E+00
2.37	2.70E+00
2.38	2.78E+00
2.39	2.80E+00
2.4	2.80E+00
2.41	2.79E+00
2.42	1.57E+00
2.43	1.35E+00
2.44	1.14E+00
2.45	9.57E-01
2.46	7.94E-01
2.47	8.48E-01
2.48	6.72E-01
2.49	5.18E-01
2.5	3.83E-01
2.51	2.70E-01
2.52	1.77E-01
2.53	1.22E-01
2.54	8.23E-02
2.55	5.80E-02
2.56	4.35E-02
2.57	3.06E-02
2.58	1.93E-02
2.59	9.53E-03
2.6	1.36E-03
2.61	0.00E+00
 
