-15.23	0.00E+00
-15.22	1.53E-02
-15.21	5.89E-02
-15.2	6.39E-02
-15.19	8.81E-02
-15.18	1.14E-01
-15.17	1.43E-01
-15.16	1.73E-01
-15.15	2.06E-01
-15.14	2.34E-01
-15.13	2.45E-01
-15.12	2.53E-01
-15.11	2.65E-01
-15.1	2.92E-01
-15.09	3.20E-01
-15.08	3.49E-01
-15.07	3.79E-01
-15.06	4.10E-01
-15.05	4.42E-01
-15.04	4.75E-01
-15.03	5.09E-01
-15.02	1.06E+00
-15.01	8.87E-01
-15	6.92E-01
-14.99	4.76E-01
-14.98	2.67E-01
-14.97	2.39E-01
-14.96	2.10E-01
-14.95	1.99E-01
-14.94	2.19E-01
-14.93	2.40E-01
-14.92	2.61E-01
-14.91	2.84E-01
-14.9	3.35E-01
-14.89	4.07E-01
-14.88	4.83E-01
-14.87	1.07E+00
-14.86	2.57E+00
-14.85	5.60E-01
-14.84	5.79E-01
-14.83	5.98E-01
-14.82	6.17E-01
-14.81	6.36E-01
-14.8	6.56E-01
-14.79	6.75E-01
-14.78	6.96E-01
-14.77	7.15E-01
-14.76	7.37E-01
-14.75	7.59E-01
-14.74	7.82E-01
-14.73	8.05E-01
-14.72	8.29E-01
-14.71	8.53E-01
-14.7	8.78E-01
-14.69	9.03E-01
-14.68	9.27E-01
-14.67	1.28E+00
-14.66	1.24E+00
-14.65	1.20E+00
-14.64	1.15E+00
-14.63	1.12E+00
-14.62	1.09E+00
-14.61	1.06E+00
-14.6	1.08E+00
-14.59	1.11E+00
-14.58	1.13E+00
-14.57	1.16E+00
-14.56	1.18E+00
-14.55	1.21E+00
-14.54	1.23E+00
-14.53	1.26E+00
-14.52	1.29E+00
-14.51	1.06E+00
-14.5	1.08E+00
-14.49	1.10E+00
-14.48	1.11E+00
-14.47	1.13E+00
-14.46	1.15E+00
-14.45	1.11E+00
-14.44	1.11E+00
-14.43	1.10E+00
-14.42	1.15E+00
-14.41	1.16E+00
-14.4	1.16E+00
-14.39	1.17E+00
-14.38	1.18E+00
-14.37	1.19E+00
-14.36	1.19E+00
-14.35	1.20E+00
-14.34	1.47E+00
-14.33	2.18E+00
-14.32	2.08E+00
-14.31	1.98E+00
-14.3	1.88E+00
-14.29	1.77E+00
-14.28	1.66E+00
-14.27	1.56E+00
-14.26	1.45E+00
-14.25	1.34E+00
-14.24	1.23E+00
-14.23	1.11E+00
-14.22	1.00E+00
-14.21	9.42E-01
-14.2	9.20E-01
-14.19	8.98E-01
-14.18	9.16E-01
-14.17	2.25E+00
-14.16	1.95E+00
-14.15	1.65E+00
-14.14	1.35E+00
-14.13	1.05E+00
-14.12	7.46E-01
-14.11	8.21E-01
-14.1	9.76E-01
-14.09	1.13E+00
-14.08	1.29E+00
-14.07	1.45E+00
-14.06	1.61E+00
-14.05	1.77E+00
-14.04	1.93E+00
-14.03	2.09E+00
-14.02	2.26E+00
-14.01	1.37E+00
-14	1.19E+00
-13.99	1.20E+00
-13.98	1.21E+00
-13.97	1.23E+00
-13.96	1.24E+00
-13.95	1.25E+00
-13.94	1.26E+00
-13.93	1.28E+00
-13.92	1.29E+00
-13.91	1.30E+00
-13.9	1.32E+00
-13.89	1.33E+00
-13.88	1.34E+00
-13.87	2.04E+00
-13.86	4.20E+00
-13.85	6.38E+00
-13.84	1.50E+00
-13.83	1.51E+00
-13.82	1.51E+00
-13.81	1.51E+00
-13.8	1.52E+00
-13.79	1.52E+00
-13.78	1.52E+00
-13.77	1.53E+00
-13.76	1.55E+00
-13.75	1.59E+00
-13.74	1.62E+00
-13.73	1.65E+00
-13.72	1.68E+00
-13.71	1.72E+00
-13.7	1.75E+00
-13.69	1.79E+00
-13.68	1.82E+00
-13.67	1.85E+00
-13.66	1.89E+00
-13.65	1.92E+00
-13.64	1.94E+00
-13.63	1.96E+00
-13.62	1.99E+00
-13.61	2.03E+00
-13.6	2.08E+00
-13.59	2.12E+00
-13.58	2.18E+00
-13.57	2.22E+00
-13.56	2.26E+00
-13.55	2.31E+00
-13.54	2.36E+00
-13.53	2.84E+00
-13.52	2.43E+00
-13.51	2.02E+00
-13.5	1.61E+00
-13.49	1.19E+00
-13.48	8.03E-01
-13.47	1.66E+00
-13.46	2.52E+00
-13.45	2.59E+00
-13.44	2.43E+00
-13.43	2.26E+00
-13.42	2.10E+00
-13.41	1.93E+00
-13.4	1.75E+00
-13.39	1.59E+00
-13.38	7.46E-01
-13.37	7.69E-01
-13.36	7.91E-01
-13.35	8.14E-01
-13.34	8.37E-01
-13.33	8.60E-01
-13.32	8.84E-01
-13.31	9.07E-01
-13.3	9.29E-01
-13.29	9.52E-01
-13.28	9.75E-01
-13.27	9.98E-01
-13.26	1.02E+00
-13.25	1.05E+00
-13.24	1.07E+00
-13.23	2.79E+00
-13.22	2.81E+00
-13.21	2.82E+00
-13.2	2.84E+00
-13.19	2.85E+00
-13.18	2.86E+00
-13.17	2.31E+00
-13.16	1.49E+00
-13.15	1.15E+00
-13.14	1.47E+00
-13.13	1.79E+00
-13.12	2.11E+00
-13.11	2.43E+00
-13.1	2.75E+00
-13.09	3.06E+00
-13.08	7.03E+00
-13.07	3.79E+00
-13.06	2.62E+00
-13.05	2.39E+00
-13.04	2.16E+00
-13.03	1.93E+00
-13.02	1.74E+00
-13.01	1.56E+00
-13	1.37E+00
-12.99	1.21E+00
-12.98	1.22E+00
-12.97	1.25E+00
-12.96	1.27E+00
-12.95	1.41E+00
-12.94	1.54E+00
-12.93	1.69E+00
-12.92	1.84E+00
-12.91	1.99E+00
-12.9	2.15E+00
-12.89	2.30E+00
-12.88	2.44E+00
-12.87	2.59E+00
-12.86	2.75E+00
-12.85	2.89E+00
-12.84	3.05E+00
-12.83	3.20E+00
-12.82	2.62E+00
-12.81	2.61E+00
-12.8	2.64E+00
-12.79	4.87E+00
-12.78	2.52E+00
-12.77	2.37E+00
-12.76	2.37E+00
-12.75	2.36E+00
-12.74	2.34E+00
-12.73	2.30E+00
-12.72	2.26E+00
-12.71	2.21E+00
-12.7	2.17E+00
-12.69	2.13E+00
-12.68	2.09E+00
-12.67	2.04E+00
-12.66	2.00E+00
-12.65	1.96E+00
-12.64	1.96E+00
-12.63	1.96E+00
-12.62	1.96E+00
-12.61	1.96E+00
-12.6	1.96E+00
-12.59	1.97E+00
-12.58	2.54E+00
-12.57	2.56E+00
-12.56	2.58E+00
-12.55	2.61E+00
-12.54	2.63E+00
-12.53	2.65E+00
-12.52	2.67E+00
-12.51	2.70E+00
-12.5	2.73E+00
-12.49	2.75E+00
-12.48	2.78E+00
-12.47	2.81E+00
-12.46	2.85E+00
-12.45	4.10E+00
-12.44	5.40E+00
-12.43	6.73E+00
-12.42	5.16E+00
-12.41	4.50E+00
-12.4	3.94E+00
-12.39	3.39E+00
-12.38	3.32E+00
-12.37	2.93E+00
-12.36	2.53E+00
-12.35	2.24E+00
-12.34	2.02E+00
-12.33	2.00E-01
-12.32	2.60E-01
-12.31	4.56E-01
-12.3	6.97E-01
-12.29	1.11E+00
-12.28	1.52E+00
-12.27	1.93E+00
-12.26	2.54E+00
-12.25	3.22E+00
-12.24	3.89E+00
-12.23	4.57E+00
-12.22	5.74E+00
-12.21	8.16E+00
-12.2	5.68E+00
-12.19	5.42E+00
-12.18	5.17E+00
-12.17	4.91E+00
-12.16	4.66E+00
-12.15	4.49E+00
-12.14	4.78E+00
-12.13	5.10E+00
-12.12	5.41E+00
-12.11	4.58E+00
-12.1	4.49E+00
-12.09	8.02E+00
-12.08	7.74E+00
-12.07	3.58E+00
-12.06	3.36E+00
-12.05	3.14E+00
-12.04	2.92E+00
-12.03	2.70E+00
-12.02	2.47E+00
-12.01	2.24E+00
-12	2.04E+00
-11.99	1.96E+00
-11.98	1.88E+00
-11.97	1.80E+00
-11.96	1.73E+00
-11.95	1.79E+00
-11.94	2.23E+00
-11.93	2.72E+00
-11.92	3.22E+00
-11.91	3.72E+00
-11.9	4.23E+00
-11.89	4.75E+00
-11.88	2.37E+00
-11.87	2.44E+00
-11.86	2.50E+00
-11.85	2.58E+00
-11.84	2.63E+00
-11.83	2.82E+00
-11.82	2.86E+00
-11.81	2.77E+00
-11.8	2.67E+00
-11.79	2.57E+00
-11.78	2.47E+00
-11.77	2.37E+00
-11.76	2.26E+00
-11.75	2.16E+00
-11.74	2.10E+00
-11.73	2.09E+00
-11.72	2.10E+00
-11.71	2.10E+00
-11.7	2.10E+00
-11.69	2.12E+00
-11.68	2.11E+00
-11.67	2.12E+00
-11.66	2.98E+00
-11.65	2.44E+00
-11.64	1.89E+00
-11.63	1.34E+00
-11.62	7.80E-01
-11.61	2.18E-01
-11.6	0.00E+00
-11.59	0.00E+00
-11.58	0.00E+00
-11.57	0.00E+00
-11.56	0.00E+00
-11.55	0.00E+00
-11.54	0.00E+00
-11.53	0.00E+00
-11.52	0.00E+00
-11.51	0.00E+00
-11.5	0.00E+00
-11.49	0.00E+00
-11.48	0.00E+00
-11.47	0.00E+00
-11.46	0.00E+00
-11.45	0.00E+00
-11.44	0.00E+00
-11.43	0.00E+00
-11.42	0.00E+00
-11.41	0.00E+00
-11.4	0.00E+00
-11.39	0.00E+00
-11.38	0.00E+00
-11.37	0.00E+00
-11.36	0.00E+00
-11.35	0.00E+00
-11.34	0.00E+00
-11.33	0.00E+00
-11.32	0.00E+00
-11.31	2.70E-02
-11.3	8.06E-02
-11.29	1.33E-01
-11.28	8.51E-02
-11.27	8.82E-02
-11.26	9.12E-02
-11.25	9.40E-02
-11.24	9.69E-02
-11.23	9.95E-02
-11.22	1.02E-01
-11.21	9.87E-02
-11.2	9.28E-02
-11.19	8.70E-02
-11.18	8.41E-02
-11.17	8.48E-02
-11.16	8.54E-02
-11.15	8.60E-02
-11.14	8.66E-02
-11.13	8.71E-02
-11.12	8.76E-02
-11.11	8.80E-02
-11.1	8.84E-02
-11.09	8.88E-02
-11.08	1.73E-01
-11.07	1.42E-01
-11.06	1.13E-01
-11.05	8.46E-02
-11.04	5.69E-02
-11.03	3.37E-02
-11.02	2.95E-02
-11.01	2.61E-02
-11	2.80E-02
-10.99	2.99E-02
-10.98	3.16E-02
-10.97	3.34E-02
-10.96	3.51E-02
-10.95	3.67E-02
-10.94	3.91E-02
-10.93	4.40E-02
-10.92	7.95E-02
-10.91	1.50E-01
-10.9	2.22E-01
-10.89	4.92E-02
-10.88	4.93E-02
-10.87	4.96E-02
-10.86	4.98E-02
-10.85	5.00E-02
-10.84	5.01E-02
-10.83	5.02E-02
-10.82	5.04E-02
-10.81	5.05E-02
-10.8	5.06E-02
-10.79	5.08E-02
-10.78	5.11E-02
-10.77	5.13E-02
-10.76	5.15E-02
-10.75	5.17E-02
-10.74	5.18E-02
-10.73	5.20E-02
-10.72	5.21E-02
-10.71	5.22E-02
-10.7	5.23E-02
-10.69	7.27E-02
-10.68	6.92E-02
-10.67	6.57E-02
-10.66	6.22E-02
-10.65	5.87E-02
-10.64	5.60E-02
-10.63	5.34E-02
-10.62	5.32E-02
-10.61	5.34E-02
-10.6	5.37E-02
-10.59	5.40E-02
-10.58	5.42E-02
-10.57	5.44E-02
-10.56	5.47E-02
-10.55	5.50E-02
-10.54	5.52E-02
-10.53	5.54E-02
-10.52	5.56E-02
-10.51	4.50E-02
-10.5	4.49E-02
-10.49	4.48E-02
-10.48	4.48E-02
-10.47	4.47E-02
-10.46	4.46E-02
-10.45	4.40E-02
-10.44	4.24E-02
-10.43	4.19E-02
-10.42	4.17E-02
-10.41	4.22E-02
-10.4	4.20E-02
-10.39	4.17E-02
-10.38	4.15E-02
-10.37	4.13E-02
-10.36	4.11E-02
-10.35	4.09E-02
-10.34	4.06E-02
-10.33	4.91E-02
-10.32	7.16E-02
-10.31	6.79E-02
-10.3	6.42E-02
-10.29	6.05E-02
-10.28	5.68E-02
-10.27	5.32E-02
-10.26	4.96E-02
-10.25	4.60E-02
-10.24	4.25E-02
-10.23	3.90E-02
-10.22	3.55E-02
-10.21	3.21E-02
-10.2	2.88E-02
-10.19	2.65E-02
-10.18	2.56E-02
-10.17	2.55E-02
-10.16	2.57E-02
-10.15	2.60E-02
-10.14	6.53E-02
-10.13	5.52E-02
-10.12	4.54E-02
-10.11	3.59E-02
-10.1	2.69E-02
-10.09	2.01E-02
-10.08	2.37E-02
-10.07	2.81E-02
-10.06	3.24E-02
-10.05	3.67E-02
-10.04	4.09E-02
-10.03	4.49E-02
-10.02	4.90E-02
-10.01	5.29E-02
-10	5.68E-02
-9.99	6.06E-02
-9.98	3.12E-02
-9.97	3.13E-02
-9.96	3.15E-02
-9.95	3.15E-02
-9.94	3.16E-02
-9.93	3.17E-02
-9.92	3.18E-02
-9.91	3.18E-02
-9.9	3.19E-02
-9.89	3.19E-02
-9.88	3.20E-02
-9.87	3.20E-02
-9.86	3.21E-02
-9.85	3.21E-02
-9.84	3.21E-02
-9.83	3.22E-02
-9.82	3.67E-02
-9.81	9.48E-02
-9.8	1.58E-01
-9.79	3.56E-02
-9.78	3.55E-02
-9.77	3.54E-02
-9.76	3.54E-02
-9.75	3.54E-02
-9.74	3.53E-02
-9.73	3.53E-02
-9.72	3.56E-02
-9.71	3.59E-02
-9.7	3.62E-02
-9.69	3.65E-02
-9.68	3.68E-02
-9.67	3.71E-02
-9.66	3.74E-02
-9.65	3.76E-02
-9.64	3.79E-02
-9.63	3.80E-02
-9.62	3.80E-02
-9.61	3.86E-02
-9.6	3.91E-02
-9.59	3.97E-02
-9.58	4.03E-02
-9.57	4.09E-02
-9.56	4.14E-02
-9.55	4.21E-02
-9.54	4.26E-02
-9.53	4.32E-02
-9.52	4.37E-02
-9.51	4.42E-02
-9.5	4.49E-02
-9.49	4.78E-02
-9.48	5.07E-02
-9.47	5.37E-02
-9.46	5.67E-02
-9.45	7.60E-02
-9.44	3.47E-02
-9.43	3.79E-02
-9.42	4.51E-02
-9.41	5.43E-02
-9.4	6.26E-02
-9.39	3.48E-02
-9.38	3.78E-02
-9.37	4.04E-02
-9.36	5.27E-02
-9.35	6.67E-02
-9.34	8.08E-02
-9.33	9.44E-02
-9.32	1.07E-01
-9.31	1.20E-01
-9.3	1.31E-01
-9.29	1.42E-01
-9.28	1.53E-01
-9.27	1.62E-01
-9.26	3.11E-01
-9.25	6.24E-01
-9.24	9.34E-01
-9.23	1.25E+00
-9.22	1.56E+00
-9.21	1.86E+00
-9.2	4.96E+00
-9.19	1.95E+00
-9.18	1.69E+00
-9.17	1.46E+00
-9.16	1.25E+00
-9.15	1.05E+00
-9.14	8.80E-01
-9.13	7.38E-01
-9.12	6.19E-01
-9.11	5.23E-01
-9.1	4.33E-01
-9.09	3.45E-01
-9.08	3.91E-01
-9.07	4.41E-01
-9.06	4.86E-01
-9.05	2.66E+00
-9.04	2.62E+00
-9.03	2.58E+00
-9.02	2.40E+00
-9.01	1.95E+00
-9	1.55E+00
-8.99	1.42E+00
-8.98	1.31E+00
-8.97	1.25E+00
-8.96	1.23E+00
-8.95	1.26E+00
-8.94	1.31E+00
-8.93	1.39E+00
-8.92	1.49E+00
-8.91	1.61E+00
-8.9	1.73E+00
-8.89	1.85E+00
-8.88	1.97E+00
-8.87	2.31E+00
-8.86	2.64E+00
-8.85	2.94E+00
-8.84	3.19E+00
-8.83	2.46E+00
-8.82	2.44E+00
-8.81	2.38E+00
-8.8	2.04E+00
-8.79	1.85E+00
-8.78	1.64E+00
-8.77	1.42E+00
-8.76	1.27E+00
-8.75	1.16E+00
-8.74	1.07E+00
-8.73	1.01E+00
-8.72	9.88E-01
-8.71	9.50E-01
-8.7	8.98E-01
-8.69	8.85E-01
-8.68	8.73E-01
-8.67	8.54E-01
-8.66	8.26E-01
-8.65	8.17E-01
-8.64	9.29E-01
-8.63	1.04E+00
-8.62	1.15E+00
-8.61	1.26E+00
-8.6	5.02E+00
-8.59	3.72E+00
-8.58	2.78E+00
-8.57	2.59E+00
-8.56	1.89E+00
-8.55	1.16E+00
-8.54	7.91E-01
-8.53	7.94E-01
-8.52	7.97E-01
-8.51	8.01E-01
-8.5	8.27E-01
-8.49	9.03E-01
-8.48	9.96E-01
-8.47	1.11E+00
-8.46	1.24E+00
-8.45	1.39E+00
-8.44	1.55E+00
-8.43	1.56E+00
-8.42	1.54E+00
-8.41	1.52E+00
-8.4	1.49E+00
-8.39	1.46E+00
-8.38	1.42E+00
-8.37	1.38E+00
-8.36	2.94E+00
-8.35	1.57E+00
-8.34	8.38E-01
-8.33	8.51E-01
-8.32	8.63E-01
-8.31	8.75E-01
-8.3	8.87E-01
-8.29	9.00E-01
-8.28	9.13E-01
-8.27	9.26E-01
-8.26	9.39E-01
-8.25	9.52E-01
-8.24	1.72E+00
-8.23	1.66E+00
-8.22	1.60E+00
-8.21	1.53E+00
-8.2	1.47E+00
-8.19	1.40E+00
-8.18	1.34E+00
-8.17	1.27E+00
-8.16	1.76E+00
-8.15	1.63E+00
-8.14	1.52E+00
-8.13	1.40E+00
-8.12	1.29E+00
-8.11	1.17E+00
-8.1	1.06E+00
-8.09	9.40E-01
-8.08	8.25E-01
-8.07	7.09E-01
-8.06	5.95E-01
-8.05	4.80E-01
-8.04	3.87E-01
-8.03	3.01E-01
-8.02	2.23E-01
-8.01	3.18E-01
-8	4.32E-01
-7.99	4.90E-01
-7.98	4.90E-01
-7.97	4.42E-01
-7.96	3.58E-01
-7.95	4.24E-01
-7.94	5.16E-01
-7.93	5.76E-01
-7.92	5.94E-01
-7.91	5.72E-01
-7.9	5.95E-01
-7.89	6.52E-01
-7.88	7.08E-01
-7.87	7.63E-01
-7.86	8.18E-01
-7.85	8.71E-01
-7.84	9.24E-01
-7.83	9.77E-01
-7.82	1.03E+00
-7.81	1.08E+00
-7.8	1.13E+00
-7.79	1.19E+00
-7.78	1.25E+00
-7.77	1.32E+00
-7.76	1.38E+00
-7.75	1.45E+00
-7.74	1.52E+00
-7.73	1.59E+00
-7.72	1.66E+00
-7.71	1.74E+00
-7.7	1.82E+00
-7.69	1.15E+00
-7.68	1.11E+00
-7.67	1.53E+00
-7.66	1.15E+00
-7.65	9.78E-01
-7.64	8.34E-01
-7.63	7.15E-01
-7.62	6.21E-01
-7.61	5.51E-01
-7.6	5.79E-01
-7.59	1.61E+00
-7.58	5.02E-01
-7.57	4.87E-01
-7.56	4.77E-01
-7.55	4.72E-01
-7.54	4.73E-01
-7.53	4.77E-01
-7.52	4.91E-01
-7.51	5.06E-01
-7.5	5.21E-01
-7.49	5.35E-01
-7.48	5.07E-01
-7.47	5.25E-01
-7.46	5.46E-01
-7.45	5.69E-01
-7.44	5.96E-01
-7.43	6.26E-01
-7.42	6.57E-01
-7.41	6.93E-01
-7.4	7.30E-01
-7.39	7.80E-01
-7.38	8.44E-01
-7.37	9.21E-01
-7.36	1.01E+00
-7.35	1.11E+00
-7.34	1.23E+00
-7.33	1.36E+00
-7.32	1.48E+00
-7.31	1.29E+00
-7.3	1.14E+00
-7.29	2.77E+00
-7.28	1.95E+00
-7.27	1.33E+00
-7.26	9.25E-01
-7.25	7.13E-01
-7.24	6.26E-01
-7.23	5.41E-01
-7.22	4.59E-01
-7.21	3.81E-01
-7.2	3.05E-01
-7.19	2.38E-01
-7.18	2.08E-01
-7.17	2.11E-01
-7.16	3.59E-01
-7.15	4.81E-01
-7.14	5.79E-01
-7.13	6.51E-01
-7.12	7.00E-01
-7.11	7.24E-01
-7.1	7.20E-01
-7.09	6.86E-01
-7.08	6.24E-01
-7.07	5.33E-01
-7.06	4.14E-01
-7.05	3.33E-01
-7.04	3.48E-01
-7.03	3.62E-01
-7.02	3.75E-01
-7.01	3.89E-01
-7	4.02E-01
-6.99	4.15E-01
-6.98	4.27E-01
-6.97	4.39E-01
-6.96	5.50E-01
-6.95	1.07E+00
-6.94	2.04E+00
-6.93	4.46E+00
-6.92	7.50E+00
-6.91	5.38E+00
-6.9	1.34E+00
-6.89	1.29E+00
-6.88	1.25E+00
-6.87	1.21E+00
-6.86	1.17E+00
-6.85	1.13E+00
-6.84	1.08E+00
-6.83	1.05E+00
-6.82	1.02E+00
-6.81	9.86E-01
-6.8	9.58E-01
-6.79	9.30E-01
-6.78	9.06E-01
-6.77	8.83E-01
-6.76	8.61E-01
-6.75	8.41E-01
-6.74	8.24E-01
-6.73	2.35E+00
-6.72	2.73E+00
-6.71	2.31E+00
-6.7	1.81E+00
-6.69	1.60E+00
-6.68	1.42E+00
-6.67	1.29E+00
-6.66	1.21E+00
-6.65	1.15E+00
-6.64	1.10E+00
-6.63	1.04E+00
-6.62	9.87E-01
-6.61	9.29E-01
-6.6	9.78E-01
-6.59	1.09E+00
-6.58	1.28E+00
-6.57	1.42E+00
-6.56	1.55E+00
-6.55	1.69E+00
-6.54	1.82E+00
-6.53	1.88E+00
-6.52	1.90E+00
-6.51	1.91E+00
-6.5	1.93E+00
-6.49	1.94E+00
-6.48	1.95E+00
-6.47	1.95E+00
-6.46	1.96E+00
-6.45	1.96E+00
-6.44	1.96E+00
-6.43	1.95E+00
-6.42	1.94E+00
-6.41	1.94E+00
-6.4	1.92E+00
-6.39	1.90E+00
-6.38	1.88E+00
-6.37	1.85E+00
-6.36	1.83E+00
-6.35	1.80E+00
-6.34	1.78E+00
-6.33	2.26E+00
-6.32	3.50E+00
-6.31	2.12E+00
-6.3	2.22E+00
-6.29	3.07E+00
-6.28	1.81E+00
-6.27	1.62E+00
-6.26	1.47E+00
-6.25	1.34E+00
-6.24	1.25E+00
-6.23	1.18E+00
-6.22	1.14E+00
-6.21	1.13E+00
-6.2	1.41E+00
-6.19	1.34E+00
-6.18	1.26E+00
-6.17	1.18E+00
-6.16	1.07E+01
-6.15	1.75E+00
-6.14	2.87E+00
-6.13	4.38E+00
-6.12	2.18E+00
-6.11	2.08E+00
-6.1	1.96E+00
-6.09	1.83E+00
-6.08	1.68E+00
-6.07	1.51E+00
-6.06	1.32E+00
-6.05	1.12E+00
-6.04	9.06E-01
-6.03	7.13E-01
-6.02	6.32E-01
-6.01	7.22E-01
-6	8.27E-01
-5.99	1.02E+00
-5.98	1.32E+00
-5.97	1.69E+00
-5.96	1.96E+00
-5.95	2.09E+00
-5.94	2.08E+00
-5.93	1.93E+00
-5.92	1.33E+00
-5.91	1.38E+00
-5.9	1.43E+00
-5.89	1.46E+00
-5.88	1.48E+00
-5.87	1.49E+00
-5.86	1.48E+00
-5.85	1.94E+00
-5.84	3.17E+00
-5.83	4.87E+00
-5.82	1.11E+00
-5.81	1.13E+00
-5.8	1.15E+00
-5.79	1.17E+00
-5.78	1.21E+00
-5.77	1.25E+00
-5.76	1.29E+00
-5.75	1.34E+00
-5.74	1.39E+00
-5.73	1.44E+00
-5.72	1.49E+00
-5.71	1.55E+00
-5.7	1.61E+00
-5.69	1.69E+00
-5.68	1.78E+00
-5.67	1.89E+00
-5.66	2.02E+00
-5.65	2.17E+00
-5.64	2.33E+00
-5.63	7.01E+00
-5.62	5.16E+00
-5.61	3.12E+00
-5.6	1.96E+00
-5.59	3.12E+00
-5.58	4.37E+00
-5.57	5.63E+00
-5.56	6.89E+00
-5.55	2.54E+00
-5.54	2.62E+00
-5.53	2.69E+00
-5.52	2.76E+00
-5.51	2.84E+00
-5.5	2.98E+00
-5.49	3.06E+00
-5.48	3.14E+00
-5.47	3.34E+00
-5.46	3.42E+00
-5.45	3.56E+00
-5.44	3.77E+00
-5.43	4.03E+00
-5.42	4.28E+00
-5.41	4.43E+00
-5.4	4.69E+00
-5.39	4.82E+00
-5.38	4.90E+00
-5.37	5.07E+00
-5.36	5.37E+00
-5.35	5.55E+00
-5.34	5.59E+00
-5.33	5.61E+00
-5.32	5.64E+00
-5.31	5.68E+00
-5.3	5.72E+00
-5.29	5.56E+00
-5.28	5.06E+00
-5.27	4.59E+00
-5.26	4.18E+00
-5.25	3.80E+00
-5.24	3.44E+00
-5.23	3.21E+00
-5.22	8.72E+00
-5.21	3.28E+00
-5.2	3.41E+00
-5.19	3.53E+00
-5.18	3.60E+00
-5.17	3.63E+00
-5.16	3.65E+00
-5.15	3.68E+00
-5.14	3.70E+00
-5.13	3.75E+00
-5.12	3.84E+00
-5.11	3.94E+00
-5.1	4.06E+00
-5.09	4.19E+00
-5.08	4.34E+00
-5.07	4.51E+00
-5.06	4.69E+00
-5.05	4.88E+00
-5.04	4.27E+00
-5.03	3.35E+00
-5.02	2.65E+00
-5.01	2.15E+00
-5	2.43E+00
-4.99	2.71E+00
-4.98	2.82E+00
-4.97	2.88E+00
-4.96	2.88E+00
-4.95	2.87E+00
-4.94	2.85E+00
-4.93	2.84E+00
-4.92	2.83E+00
-4.91	2.81E+00
-4.9	2.79E+00
-4.89	2.78E+00
-4.88	2.10E+00
-4.87	2.07E+00
-4.86	2.05E+00
-4.85	2.03E+00
-4.84	1.99E+00
-4.83	1.97E+00
-4.82	1.94E+00
-4.81	1.92E+00
-4.8	1.90E+00
-4.79	1.87E+00
-4.78	1.84E+00
-4.77	1.82E+00
-4.76	1.79E+00
-4.75	1.78E+00
-4.74	1.75E+00
-4.73	1.72E+00
-4.72	1.70E+00
-4.71	4.33E+00
-4.7	1.73E+00
-4.69	1.42E+00
-4.68	1.41E+00
-4.67	1.43E+00
-4.66	1.46E+00
-4.65	1.50E+00
-4.64	1.55E+00
-4.63	1.60E+00
-4.62	1.66E+00
-4.61	1.74E+00
-4.6	1.82E+00
-4.59	1.90E+00
-4.58	2.73E+00
-4.57	5.93E+00
-4.56	9.31E+00
-4.55	1.11E+01
-4.54	1.14E+01
-4.53	1.12E+01
-4.52	1.02E+01
-4.51	9.01E+00
-4.5	9.15E+00
-4.49	1.26E+01
-4.48	1.16E+01
-4.47	1.03E+01
-4.46	7.58E+00
-4.45	7.40E+00
-4.44	6.96E+00
-4.43	6.49E+00
-4.42	5.99E+00
-4.41	5.47E+00
-4.4	5.24E+00
-4.39	5.03E+00
-4.38	4.57E+00
-4.37	4.11E+00
-4.36	3.71E+00
-4.35	3.56E+00
-4.34	3.42E+00
-4.33	3.29E+00
-4.32	3.73E+00
-4.31	4.27E+00
-4.3	4.76E+00
-4.29	5.33E+00
-4.28	6.09E+00
-4.27	6.98E+00
-4.26	6.54E+00
-4.25	1.35E+01
-4.24	1.28E+01
-4.23	1.10E+01
-4.22	8.63E+00
-4.21	5.11E+00
-4.2	1.05E+01
-4.19	4.68E+00
-4.18	2.40E+00
-4.17	3.01E+00
-4.16	4.10E+00
-4.15	5.39E+00
-4.14	6.83E+00
-4.13	8.44E+00
-4.12	1.08E+01
-4.11	9.17E+00
-4.1	8.01E+00
-4.09	8.63E+00
-4.08	9.18E+00
-4.07	4.68E+00
-4.06	4.30E+00
-4.05	3.92E+00
-4.04	3.63E+00
-4.03	3.43E+00
-4.02	3.24E+00
-4.01	3.17E+00
-4	4.49E+00
-3.99	4.56E+00
-3.98	8.90E+00
-3.97	7.44E+00
-3.96	6.07E+00
-3.95	4.87E+00
-3.94	3.82E+00
-3.93	6.03E+00
-3.92	1.21E+01
-3.91	1.05E+01
-3.9	5.58E+00
-3.89	5.74E+00
-3.88	5.91E+00
-3.87	6.12E+00
-3.86	6.36E+00
-3.85	6.59E+00
-3.84	6.83E+00
-3.83	5.71E+00
-3.82	4.53E+00
-3.81	4.86E+00
-3.8	4.91E+00
-3.79	9.83E+00
-3.78	5.98E+00
-3.77	1.45E+00
-3.76	1.40E+00
-3.75	1.66E+00
-3.74	1.77E+00
-3.73	1.80E+00
-3.72	1.74E+00
-3.71	1.60E+00
-3.7	1.72E+00
-3.69	2.02E+00
-3.68	2.31E+00
-3.67	3.64E+00
-3.66	5.07E+00
-3.65	6.79E+00
-3.64	7.74E+00
-3.63	7.55E+00
-3.62	6.00E+00
-3.61	5.69E+00
-3.6	5.18E+00
-3.59	4.72E+00
-3.58	4.28E+00
-3.57	3.55E+00
-3.56	1.80E+00
-3.55	1.85E+00
-3.54	3.16E+00
-3.53	3.89E+00
-3.52	4.63E+00
-3.51	4.87E+00
-3.5	4.90E+00
-3.49	4.89E+00
-3.48	4.87E+00
-3.47	4.80E+00
-3.46	4.71E+00
-3.45	4.57E+00
-3.44	4.47E+00
-3.43	1.55E+01
-3.42	2.04E+00
-3.41	1.68E+00
-3.4	1.61E+00
-3.39	1.55E+00
-3.38	1.39E+00
-3.37	1.37E+00
-3.36	1.35E+00
-3.35	1.33E+00
-3.34	1.31E+00
-3.33	1.28E+00
-3.32	1.25E+00
-3.31	1.22E+00
-3.3	1.46E+00
-3.29	1.48E+00
-3.28	1.47E+00
-3.27	3.63E+00
-3.26	3.70E+00
-3.25	6.09E+00
-3.24	6.70E+00
-3.23	6.24E+00
-3.22	5.77E+00
-3.21	5.31E+00
-3.2	5.04E+00
-3.19	4.73E+00
-3.18	4.43E+00
-3.17	4.13E+00
-3.16	3.78E+00
-3.15	3.00E+00
-3.14	2.09E+00
-3.13	1.29E+00
-3.12	6.44E-01
-3.11	6.75E-01
-3.1	8.41E-01
-3.09	1.17E+00
-3.08	1.63E+00
-3.07	2.23E+00
-3.06	2.97E+00
-3.05	3.66E+00
-3.04	2.34E+00
-3.03	2.25E+00
-3.02	2.20E+00
-3.01	2.98E+00
-3	6.54E+00
-2.99	2.16E+00
-2.98	2.15E+00
-2.97	2.11E+00
-2.96	2.03E+00
-2.95	1.89E+00
-2.94	1.66E+00
-2.93	1.69E+00
-2.92	1.83E+00
-2.91	1.97E+00
-2.9	2.10E+00
-2.89	2.21E+00
-2.88	2.32E+00
-2.87	2.43E+00
-2.86	2.54E+00
-2.85	2.83E+00
-2.84	3.06E+00
-2.83	3.35E+00
-2.82	3.91E+00
-2.81	4.46E+00
-2.8	3.91E+00
-2.79	4.39E+00
-2.78	2.39E+00
-2.77	2.31E+00
-2.76	2.23E+00
-2.75	2.16E+00
-2.74	2.09E+00
-2.73	2.02E+00
-2.72	1.95E+00
-2.71	1.89E+00
-2.7	1.82E+00
-2.69	1.76E+00
-2.68	1.78E+00
-2.67	1.93E+00
-2.66	2.14E+00
-2.65	2.16E+00
-2.64	2.17E+00
-2.63	2.18E+00
-2.62	2.21E+00
-2.61	2.25E+00
-2.6	2.30E+00
-2.59	2.37E+00
-2.58	2.45E+00
-2.57	2.34E+00
-2.56	2.10E+00
-2.55	1.85E+00
-2.54	1.59E+00
-2.53	1.56E+00
-2.52	1.59E+00
-2.51	1.62E+00
-2.5	1.65E+00
-2.49	1.69E+00
-2.48	1.73E+00
-2.47	1.77E+00
-2.46	1.81E+00
-2.45	1.78E+00
-2.44	1.79E+00
-2.43	1.82E+00
-2.42	1.87E+00
-2.41	1.90E+00
-2.4	1.94E+00
-2.39	1.97E+00
-2.38	2.01E+00
-2.37	2.01E+00
-2.36	1.99E+00
-2.35	1.93E+00
-2.34	1.91E+00
-2.33	3.72E+00
-2.32	1.41E+00
-2.31	1.39E+00
-2.3	1.38E+00
-2.29	1.37E+00
-2.28	1.37E+00
-2.27	1.37E+00
-2.26	1.66E+00
-2.25	1.62E+00
-2.24	1.60E+00
-2.23	1.58E+00
-2.22	1.95E+00
-2.21	1.97E+00
-2.2	1.65E+00
-2.19	1.53E+00
-2.18	1.12E+00
-2.17	7.92E-01
-2.16	7.24E-01
-2.15	6.57E-01
-2.14	5.91E-01
-2.13	5.30E-01
-2.12	4.73E-01
-2.11	5.55E-01
-2.1	2.72E+00
-2.09	6.17E-01
-2.08	8.14E-01
-2.07	1.00E+00
-2.06	1.24E+00
-2.05	1.38E+00
-2.04	1.50E+00
-2.03	1.60E+00
-2.02	2.88E+00
-2.01	2.15E+00
-2	1.92E+00
-1.99	1.97E+00
-1.98	2.35E+00
-1.97	3.49E+00
-1.96	3.63E+00
-1.95	1.47E+00
-1.94	1.13E+00
-1.93	1.18E+00
-1.92	8.32E-01
-1.91	9.15E-01
-1.9	1.47E+00
-1.89	1.45E+00
-1.88	1.42E+00
-1.87	2.57E+00
-1.86	8.26E-01
-1.85	1.19E+00
-1.84	1.70E+00
-1.83	1.49E+00
-1.82	1.32E+00
-1.81	1.07E+00
-1.8	8.44E-01
-1.79	6.48E-01
-1.78	5.26E-01
-1.77	4.37E-01
-1.76	3.82E-01
-1.75	3.60E-01
-1.74	3.65E-01
-1.73	3.62E-01
-1.72	3.97E-01
-1.71	4.31E-01
-1.7	6.88E-01
-1.69	9.41E-01
-1.68	6.91E-01
-1.67	7.66E-01
-1.66	1.55E+00
-1.65	8.64E-01
-1.64	6.42E-01
-1.63	5.99E-01
-1.62	6.52E-01
-1.61	7.05E-01
-1.6	6.60E-01
-1.59	6.59E-01
-1.58	6.73E-01
-1.57	5.97E-01
-1.56	5.53E-01
-1.55	5.47E-01
-1.54	5.42E-01
-1.53	5.36E-01
-1.52	5.29E-01
-1.51	5.23E-01
-1.5	5.16E-01
-1.49	7.29E-01
-1.48	2.66E-01
-1.47	3.22E-01
-1.46	4.79E-01
-1.45	5.29E-01
-1.44	4.63E-01
-1.43	3.73E-01
-1.42	3.70E-01
-1.41	6.43E-01
-1.4	1.99E-01
-1.39	2.00E-01
-1.38	2.00E-01
-1.37	1.98E-01
-1.36	2.93E-01
-1.35	2.59E-01
-1.34	2.29E-01
-1.33	2.10E-01
-1.32	1.88E-01
-1.31	1.72E-01
-1.3	1.59E-01
-1.29	1.49E-01
-1.28	1.45E-01
-1.27	1.43E-01
-1.26	1.42E-01
-1.25	1.41E-01
-1.24	1.40E-01
-1.23	1.39E-01
-1.22	1.90E-01
-1.21	2.43E-01
-1.2	2.89E-01
-1.19	3.28E-01
-1.18	3.15E-01
-1.17	3.70E-01
-1.16	4.39E-01
-1.15	1.37E+00
-1.14	2.67E-01
-1.13	2.53E-01
-1.12	2.21E-01
-1.11	1.77E-01
-1.1	1.77E-01
-1.09	1.75E-01
-1.08	1.73E-01
-1.07	1.69E-01
-1.06	1.65E-01
-1.05	1.59E-01
-1.04	1.53E-01
-1.03	1.45E-01
-1.02	1.37E-01
-1.01	1.37E-01
-1	1.39E-01
-0.99	1.41E-01
-0.98	1.43E-01
-0.97	1.45E-01
-0.96	1.46E-01
-0.95	1.15E-01
-0.94	1.00E-01
-0.93	1.06E-01
-0.92	1.29E-01
-0.91	1.70E-01
-0.9	2.41E-01
-0.89	5.37E-01
-0.88	1.43E-01
-0.87	7.84E-02
-0.86	4.23E-01
-0.85	2.03E-01
-0.84	1.84E-01
-0.83	1.65E-01
-0.82	1.46E-01
-0.81	1.28E-01
-0.8	1.10E-01
-0.79	9.31E-02
-0.78	7.62E-02
-0.77	6.33E-02
-0.76	6.88E-02
-0.75	7.65E-02
-0.74	8.19E-02
-0.73	8.70E-02
-0.72	9.18E-02
-0.71	9.65E-02
-0.7	1.01E-01
-0.69	1.05E-01
-0.68	1.10E-01
-0.67	1.14E-01
-0.66	1.18E-01
-0.65	1.21E-01
-0.64	1.25E-01
-0.63	6.83E-02
-0.62	6.68E-02
-0.61	6.53E-02
-0.6	6.39E-02
-0.59	6.25E-02
-0.58	6.11E-02
-0.57	5.97E-02
-0.56	5.83E-02
-0.55	5.61E-02
-0.54	5.38E-02
-0.53	5.12E-02
-0.52	4.88E-02
-0.51	4.64E-02
-0.5	4.40E-02
-0.49	4.18E-02
-0.48	3.96E-02
-0.47	3.74E-02
-0.46	3.53E-02
-0.45	3.32E-02
-0.44	3.13E-02
-0.43	2.93E-02
-0.42	2.75E-02
-0.41	2.61E-02
-0.4	2.51E-02
-0.39	2.42E-02
-0.38	2.32E-02
-0.37	2.23E-02
-0.36	2.14E-02
-0.35	2.05E-02
-0.34	1.96E-02
-0.33	1.88E-02
-0.32	1.79E-02
-0.31	1.71E-02
-0.3	1.63E-02
-0.29	1.55E-02
-0.28	1.47E-02
-0.27	1.40E-02
-0.26	1.08E-02
-0.25	9.94E-03
-0.24	9.12E-03
-0.23	8.32E-03
-0.22	7.57E-03
-0.21	6.85E-03
-0.2	6.17E-03
-0.19	5.52E-03
-0.18	4.91E-03
-0.17	4.33E-03
-0.16	3.79E-03
-0.15	3.29E-03
-0.14	2.81E-03
-0.13	2.38E-03
-0.12	1.98E-03
-0.11	1.62E-03
-0.1	1.29E-03
-0.09	9.98E-04
-0.08	7.41E-04
-0.07	5.20E-04
-0.06	3.35E-04
-0.05	1.85E-04
-0.04	7.06E-05
-0.03	0.00E+00
-0.02	0.00E+00
-0.01	0.00E+00
0	0.00E+00
0.01	0.00E+00
0.02	0.00E+00
0.03	0.00E+00
0.04	0.00E+00
0.05	0.00E+00
0.06	0.00E+00
0.07	4.79E-05
0.08	3.42E-04
0.09	7.20E-04
0.1	1.22E-03
0.11	1.92E-03
0.12	2.86E-03
0.13	4.05E-03
0.14	5.48E-03
0.15	7.15E-03
0.16	9.08E-03
0.17	1.12E-02
0.18	1.36E-02
0.19	1.62E-02
0.2	1.91E-02
0.21	2.23E-02
0.22	2.56E-02
0.23	2.92E-02
0.24	3.31E-02
0.25	3.72E-02
0.26	4.15E-02
0.27	1.01E-01
0.28	1.24E-01
0.29	1.58E-01
0.3	1.89E-01
0.31	2.21E-01
0.32	2.55E-01
0.33	3.38E-01
0.34	1.04E+00
0.35	2.24E+00
0.36	3.47E+00
0.37	1.72E+00
0.38	1.74E+00
0.39	1.73E+00
0.4	1.14E+00
0.41	2.47E-01
0.42	2.72E-01
0.43	1.20E+00
0.44	1.66E+00
0.45	2.41E+00
0.46	6.50E+00
0.47	3.44E-02
0.48	3.64E-02
0.49	3.83E-02
0.5	4.03E-02
0.51	4.24E-02
0.52	4.45E-02
0.53	4.67E-02
0.54	4.89E-02
0.55	5.12E-02
0.56	5.36E-02
0.57	5.59E-02
0.58	2.94E-01
0.59	5.71E-01
0.6	1.05E+00
0.61	1.73E+00
0.62	3.82E+00
0.63	5.67E+00
0.64	2.41E+00
0.65	2.14E+00
0.66	1.73E+00
0.67	2.99E+00
0.68	2.90E+00
0.69	2.40E+00
0.7	2.08E+00
0.71	1.89E+00
0.72	1.66E+00
0.73	1.73E+00
0.74	2.00E+00
0.75	3.00E+00
0.76	3.95E+00
0.77	7.73E-01
0.78	7.45E-02
0.79	7.43E-02
0.8	7.42E-02
0.81	7.41E-02
0.82	7.39E-02
0.83	7.38E-02
0.84	7.37E-02
0.85	7.37E-02
0.86	7.35E-02
0.87	7.35E-02
0.88	7.35E-02
0.89	7.36E-02
0.9	7.36E-02
0.91	7.36E-02
0.92	7.34E-02
0.93	7.35E-02
0.94	7.37E-02
0.95	7.38E-02
0.96	7.38E-02
0.97	7.39E-02
0.98	7.41E-02
0.99	7.42E-02
1	7.44E-02
1.01	7.45E-02
1.02	7.47E-02
1.03	7.50E-02
1.04	7.52E-02
1.05	7.55E-02
1.06	7.58E-02
1.07	1.05E-01
1.08	3.41E-01
1.09	7.55E-01
1.1	3.03E-01
1.11	3.29E-01
1.12	3.54E-01
1.13	3.91E-01
1.14	4.31E-01
1.15	7.22E-01
1.16	1.28E+00
1.17	2.03E+00
1.18	2.96E+00
1.19	4.09E+00
1.2	5.40E+00
1.21	3.21E+00
1.22	3.23E+00
1.23	3.19E+00
1.24	2.67E+00
1.25	1.80E+00
1.26	1.21E+00
1.27	1.34E+00
1.28	1.48E+00
1.29	1.65E+00
1.3	1.85E+00
1.31	1.93E+00
1.32	1.75E+00
1.33	2.11E+00
1.34	2.40E+00
1.35	2.47E+00
1.36	2.52E+00
1.37	2.57E+00
1.38	2.61E+00
1.39	2.64E+00
1.4	2.68E+00
1.41	2.71E+00
1.42	2.72E+00
1.43	2.73E+00
1.44	3.77E+00
1.45	3.85E+00
1.46	3.81E+00
1.47	3.65E+00
1.48	3.36E+00
1.49	2.92E+00
1.5	2.41E+00
1.51	2.49E+00
1.52	5.06E+00
1.53	4.25E+00
1.54	3.53E+00
1.55	2.90E+00
1.56	2.98E+00
1.57	3.39E+00
1.58	4.41E+00
1.59	3.59E+00
1.6	4.29E+00
1.61	5.12E+00
1.62	5.32E+00
1.63	4.68E+00
1.64	4.07E+00
1.65	3.51E+00
1.66	2.98E+00
1.67	3.22E+00
1.68	2.75E+00
1.69	3.25E+00
1.7	3.63E+00
1.71	3.88E+00
1.72	1.13E+01
1.73	8.85E-01
1.74	2.67E+00
1.75	2.51E+00
1.76	2.30E+00
1.77	2.03E+00
1.78	1.77E+00
1.79	1.59E+00
1.8	3.67E+00
1.81	1.97E+00
1.82	1.89E+00
1.83	1.86E+00
1.84	1.87E+00
1.85	1.93E+00
1.86	2.11E+00
1.87	2.40E+00
1.88	2.71E+00
1.89	3.12E+00
1.9	3.61E+00
1.91	4.18E+00
1.92	4.57E+00
1.93	4.74E+00
1.94	5.25E+00
1.95	6.14E+00
1.96	6.61E+00
1.97	6.65E+00
1.98	3.84E+00
1.99	5.05E+00
2	4.09E+00
2.01	3.35E+00
2.02	2.11E+00
2.03	1.92E+00
2.04	4.40E+00
2.05	6.05E+00
2.06	5.22E+00
2.07	4.40E+00
2.08	3.95E+00
2.09	3.64E+00
2.1	3.35E+00
2.11	3.20E+00
2.12	4.24E+00
2.13	3.21E+00
2.14	2.42E+00
2.15	1.88E+00
2.16	1.70E+00
2.17	1.71E+00
2.18	1.72E+00
2.19	3.33E+00
2.2	3.88E+00
2.21	5.26E+00
2.22	7.45E+00
2.23	2.86E+00
2.24	2.73E+00
2.25	5.85E+00
2.26	4.69E+00
2.27	3.32E+00
2.28	3.21E+00
2.29	3.31E+00
2.3	3.42E+00
2.31	2.78E+00
2.32	2.71E+00
2.33	2.64E+00
2.34	2.55E+00
2.35	2.47E+00
2.36	2.39E+00
2.37	2.31E+00
2.38	2.25E+00
2.39	2.19E+00
2.4	2.11E+00
2.41	2.02E+00
2.42	1.69E+00
2.43	1.67E+00
2.44	1.64E+00
2.45	1.59E+00
2.46	1.53E+00
2.47	3.98E+00
2.48	3.44E+00
2.49	2.87E+00
2.5	2.25E+00
2.51	1.60E+00
2.52	9.05E-01
2.53	7.18E-01
2.54	5.59E-01
2.55	4.12E-01
2.56	3.35E-01
2.57	2.57E-01
2.58	1.77E-01
2.59	9.69E-02
2.6	1.54E-02
2.61	0.00E+00
 
