-15.23	0.00E+00
-15.22	1.45E+00
-15.21	2.89E+00
-15.2	2.11E+00
-15.19	2.22E+00
-15.18	2.32E+00
-15.17	2.43E+00
-15.16	2.53E+00
-15.15	2.63E+00
-15.14	2.66E+00
-15.13	2.51E+00
-15.12	2.36E+00
-15.11	2.28E+00
-15.1	2.33E+00
-15.09	2.37E+00
-15.08	2.41E+00
-15.07	2.46E+00
-15.06	2.50E+00
-15.05	2.54E+00
-15.04	2.58E+00
-15.03	2.62E+00
-15.02	5.21E+00
-15.01	4.13E+00
-15	3.07E+00
-14.99	2.02E+00
-14.98	1.09E+00
-14.97	9.40E-01
-14.96	7.88E-01
-14.95	7.26E-01
-14.94	7.90E-01
-14.93	8.52E-01
-14.92	9.15E-01
-14.91	9.77E-01
-14.9	1.12E+00
-14.89	1.32E+00
-14.88	1.52E+00
-14.87	3.25E+00
-14.86	7.58E+00
-14.85	1.61E+00
-14.84	1.63E+00
-14.83	1.64E+00
-14.82	1.66E+00
-14.81	1.67E+00
-14.8	1.68E+00
-14.79	1.69E+00
-14.78	1.71E+00
-14.77	1.72E+00
-14.76	1.74E+00
-14.75	1.76E+00
-14.74	1.77E+00
-14.73	1.79E+00
-14.72	1.81E+00
-14.71	1.82E+00
-14.7	1.84E+00
-14.69	1.86E+00
-14.68	1.87E+00
-14.67	2.53E+00
-14.66	2.42E+00
-14.65	2.31E+00
-14.64	2.19E+00
-14.63	2.09E+00
-14.62	2.01E+00
-14.61	1.93E+00
-14.6	1.93E+00
-14.59	1.96E+00
-14.58	1.97E+00
-14.57	1.98E+00
-14.56	2.00E+00
-14.55	2.02E+00
-14.54	2.03E+00
-14.53	2.04E+00
-14.52	2.06E+00
-14.51	1.69E+00
-14.5	1.69E+00
-14.49	1.69E+00
-14.48	1.70E+00
-14.47	1.70E+00
-14.46	1.71E+00
-14.45	1.62E+00
-14.44	1.60E+00
-14.43	1.58E+00
-14.42	1.62E+00
-14.41	1.62E+00
-14.4	1.61E+00
-14.39	1.60E+00
-14.38	1.59E+00
-14.37	1.59E+00
-14.36	1.58E+00
-14.35	1.57E+00
-14.34	1.90E+00
-14.33	2.80E+00
-14.32	2.65E+00
-14.31	2.49E+00
-14.3	2.33E+00
-14.29	2.18E+00
-14.28	2.02E+00
-14.27	1.88E+00
-14.26	1.73E+00
-14.25	1.59E+00
-14.24	1.44E+00
-14.23	1.29E+00
-14.22	1.16E+00
-14.21	1.08E+00
-14.2	1.04E+00
-14.19	1.01E+00
-14.18	1.01E+00
-14.17	2.46E+00
-14.16	2.12E+00
-14.15	1.78E+00
-14.14	1.44E+00
-14.13	1.12E+00
-14.12	7.86E-01
-14.11	8.58E-01
-14.1	1.01E+00
-14.09	1.16E+00
-14.08	1.31E+00
-14.07	1.46E+00
-14.06	1.61E+00
-14.05	1.75E+00
-14.04	1.90E+00
-14.03	2.05E+00
-14.02	2.19E+00
-14.01	1.32E+00
-14	1.14E+00
-13.99	1.14E+00
-13.98	1.14E+00
-13.97	1.15E+00
-13.96	1.15E+00
-13.95	1.15E+00
-13.94	1.16E+00
-13.93	1.16E+00
-13.92	1.16E+00
-13.91	1.16E+00
-13.9	1.17E+00
-13.89	1.17E+00
-13.88	1.17E+00
-13.87	1.75E+00
-13.86	3.59E+00
-13.85	5.41E+00
-13.84	1.27E+00
-13.83	1.26E+00
-13.82	1.26E+00
-13.81	1.25E+00
-13.8	1.24E+00
-13.79	1.24E+00
-13.78	1.23E+00
-13.77	1.23E+00
-13.76	1.24E+00
-13.75	1.26E+00
-13.74	1.27E+00
-13.73	1.29E+00
-13.72	1.31E+00
-13.71	1.32E+00
-13.7	1.34E+00
-13.69	1.35E+00
-13.68	1.37E+00
-13.67	1.39E+00
-13.66	1.40E+00
-13.65	1.41E+00
-13.64	1.42E+00
-13.63	1.43E+00
-13.62	1.44E+00
-13.61	1.46E+00
-13.6	1.48E+00
-13.59	1.50E+00
-13.58	1.53E+00
-13.57	1.55E+00
-13.56	1.57E+00
-13.55	1.59E+00
-13.54	1.62E+00
-13.53	1.93E+00
-13.52	1.64E+00
-13.51	1.35E+00
-13.5	1.07E+00
-13.49	7.89E-01
-13.48	5.30E-01
-13.47	1.08E+00
-13.46	1.64E+00
-13.45	1.67E+00
-13.44	1.55E+00
-13.43	1.43E+00
-13.42	1.32E+00
-13.41	1.20E+00
-13.4	1.09E+00
-13.39	9.80E-01
-13.38	4.58E-01
-13.37	4.68E-01
-13.36	4.79E-01
-13.35	4.90E-01
-13.34	4.99E-01
-13.33	5.09E-01
-13.32	5.20E-01
-13.31	5.30E-01
-13.3	5.39E-01
-13.29	5.49E-01
-13.28	5.59E-01
-13.27	5.67E-01
-13.26	5.77E-01
-13.25	5.85E-01
-13.24	5.94E-01
-13.23	1.54E+00
-13.22	1.54E+00
-13.21	1.54E+00
-13.2	1.54E+00
-13.19	1.53E+00
-13.18	1.53E+00
-13.17	1.22E+00
-13.16	7.80E-01
-13.15	5.98E-01
-13.14	7.59E-01
-13.13	9.18E-01
-13.12	1.07E+00
-13.11	1.23E+00
-13.1	1.38E+00
-13.09	1.52E+00
-13.08	3.47E+00
-13.07	1.86E+00
-13.06	1.27E+00
-13.05	1.15E+00
-13.04	1.04E+00
-13.03	9.20E-01
-13.02	8.24E-01
-13.01	7.30E-01
-13	6.41E-01
-12.99	5.59E-01
-12.98	5.64E-01
-12.97	5.71E-01
-12.96	5.78E-01
-12.95	6.33E-01
-12.94	6.91E-01
-12.93	7.52E-01
-12.92	8.12E-01
-12.91	8.71E-01
-12.9	9.29E-01
-12.89	9.86E-01
-12.88	1.04E+00
-12.87	1.09E+00
-12.86	1.15E+00
-12.85	1.20E+00
-12.84	1.25E+00
-12.83	1.30E+00
-12.82	1.06E+00
-12.81	1.05E+00
-12.8	1.05E+00
-12.79	1.91E+00
-12.78	9.84E-01
-12.77	9.21E-01
-12.76	9.09E-01
-12.75	8.97E-01
-12.74	8.82E-01
-12.73	8.57E-01
-12.72	8.32E-01
-12.71	8.09E-01
-12.7	7.85E-01
-12.69	7.63E-01
-12.68	7.39E-01
-12.67	7.16E-01
-12.66	6.92E-01
-12.65	6.71E-01
-12.64	6.64E-01
-12.63	6.57E-01
-12.62	6.51E-01
-12.61	6.43E-01
-12.6	6.36E-01
-12.59	6.30E-01
-12.58	8.02E-01
-12.57	7.99E-01
-12.56	7.96E-01
-12.55	7.93E-01
-12.54	7.90E-01
-12.53	7.87E-01
-12.52	7.84E-01
-12.51	7.81E-01
-12.5	7.78E-01
-12.49	7.76E-01
-12.48	7.72E-01
-12.47	7.71E-01
-12.46	7.73E-01
-12.45	1.09E+00
-12.44	1.43E+00
-12.43	1.78E+00
-12.42	1.34E+00
-12.41	1.15E+00
-12.4	9.86E-01
-12.39	8.32E-01
-12.38	7.97E-01
-12.37	6.83E-01
-12.36	5.74E-01
-12.35	4.91E-01
-12.34	4.25E-01
-12.33	4.55E-02
-12.32	5.76E-02
-12.31	9.87E-02
-12.3	1.48E-01
-12.29	2.31E-01
-12.28	3.09E-01
-12.27	3.82E-01
-12.26	4.86E-01
-12.25	5.96E-01
-12.24	6.98E-01
-12.23	7.94E-01
-12.22	9.60E-01
-12.21	1.31E+00
-12.2	9.17E-01
-12.19	8.63E-01
-12.18	8.11E-01
-12.17	7.62E-01
-12.16	7.15E-01
-12.15	6.83E-01
-12.14	7.16E-01
-12.13	7.52E-01
-12.12	7.91E-01
-12.11	6.78E-01
-12.1	6.65E-01
-12.09	1.22E+00
-12.08	1.10E+00
-12.07	4.88E-01
-12.06	4.50E-01
-12.05	4.13E-01
-12.04	3.79E-01
-12.03	3.45E-01
-12.02	3.13E-01
-12.01	2.82E-01
-12	2.55E-01
-11.99	2.40E-01
-11.98	2.26E-01
-11.97	2.13E-01
-11.96	2.01E-01
-11.95	2.00E-01
-11.94	2.33E-01
-11.93	2.69E-01
-11.92	3.04E-01
-11.91	3.35E-01
-11.9	3.67E-01
-11.89	3.96E-01
-11.88	1.99E-01
-11.87	1.97E-01
-11.86	1.94E-01
-11.85	1.92E-01
-11.84	1.88E-01
-11.83	1.95E-01
-11.82	1.91E-01
-11.81	1.75E-01
-11.8	1.61E-01
-11.79	1.47E-01
-11.78	1.34E-01
-11.77	1.21E-01
-11.76	1.09E-01
-11.75	9.73E-02
-11.74	8.78E-02
-11.73	8.10E-02
-11.72	7.42E-02
-11.71	6.77E-02
-11.7	6.13E-02
-11.69	5.52E-02
-11.68	4.92E-02
-11.67	4.34E-02
-11.66	5.18E-02
-11.65	3.45E-02
-11.64	2.07E-02
-11.63	1.04E-02
-11.62	3.64E-03
-11.61	3.40E-04
-11.6	0.00E+00
-11.59	0.00E+00
-11.58	0.00E+00
-11.57	0.00E+00
-11.56	0.00E+00
-11.55	0.00E+00
-11.54	0.00E+00
-11.53	0.00E+00
-11.52	0.00E+00
-11.51	0.00E+00
-11.5	0.00E+00
-11.49	0.00E+00
-11.48	0.00E+00
-11.47	0.00E+00
-11.46	0.00E+00
-11.45	0.00E+00
-11.44	0.00E+00
-11.43	0.00E+00
-11.42	0.00E+00
-11.41	0.00E+00
-11.4	0.00E+00
-11.39	0.00E+00
-11.38	0.00E+00
-11.37	0.00E+00
-11.36	0.00E+00
-11.35	0.00E+00
-11.34	0.00E+00
-11.33	0.00E+00
-11.32	0.00E+00
-11.31	8.18E-04
-11.3	2.34E-03
-11.29	3.69E-03
-11.28	2.26E-03
-11.27	2.26E-03
-11.26	2.25E-03
-11.25	2.23E-03
-11.24	2.20E-03
-11.23	2.16E-03
-11.22	2.11E-03
-11.21	1.94E-03
-11.2	1.74E-03
-11.19	1.57E-03
-11.18	1.46E-03
-11.17	1.42E-03
-11.16	1.37E-03
-11.15	1.32E-03
-11.14	1.28E-03
-11.13	1.22E-03
-11.12	1.17E-03
-11.11	1.12E-03
-11.1	1.06E-03
-11.09	1.00E-03
-11.08	1.82E-03
-11.07	1.44E-03
-11.06	1.09E-03
-11.05	7.84E-04
-11.04	5.10E-04
-11.03	3.02E-04
-11.02	2.54E-04
-11.01	2.16E-04
-11	2.25E-04
-10.99	2.35E-04
-10.98	2.44E-04
-10.97	2.55E-04
-10.96	2.65E-04
-10.95	2.77E-04
-10.94	2.92E-04
-10.93	3.21E-04
-10.92	5.25E-04
-10.91	9.40E-04
-10.9	1.37E-03
-10.89	3.29E-04
-10.88	3.33E-04
-10.87	3.37E-04
-10.86	3.42E-04
-10.85	3.48E-04
-10.84	3.55E-04
-10.83	3.63E-04
-10.82	3.71E-04
-10.81	3.81E-04
-10.8	3.92E-04
-10.79	4.03E-04
-10.78	4.15E-04
-10.77	4.28E-04
-10.76	4.40E-04
-10.75	4.53E-04
-10.74	4.65E-04
-10.73	4.78E-04
-10.72	4.91E-04
-10.71	5.04E-04
-10.7	5.17E-04
-10.69	7.29E-04
-10.68	7.29E-04
-10.67	7.27E-04
-10.66	7.23E-04
-10.65	7.18E-04
-10.64	7.19E-04
-10.63	7.20E-04
-10.62	7.49E-04
-10.61	7.86E-04
-10.6	8.24E-04
-10.59	8.65E-04
-10.58	9.07E-04
-10.57	9.49E-04
-10.56	9.95E-04
-10.55	1.04E-03
-10.54	1.09E-03
-10.53	1.14E-03
-10.52	1.19E-03
-10.51	9.77E-04
-10.5	1.01E-03
-10.49	1.04E-03
-10.48	1.07E-03
-10.47	1.10E-03
-10.46	1.13E-03
-10.45	1.16E-03
-10.44	1.14E-03
-10.43	1.16E-03
-10.42	1.19E-03
-10.41	1.24E-03
-10.4	1.27E-03
-10.39	1.30E-03
-10.38	1.33E-03
-10.37	1.36E-03
-10.36	1.38E-03
-10.35	1.40E-03
-10.34	1.42E-03
-10.33	1.84E-03
-10.32	2.89E-03
-10.31	2.89E-03
-10.3	2.86E-03
-10.29	2.81E-03
-10.28	2.74E-03
-10.27	2.65E-03
-10.26	2.53E-03
-10.25	2.39E-03
-10.24	2.22E-03
-10.23	2.03E-03
-10.22	1.82E-03
-10.21	1.58E-03
-10.2	1.33E-03
-10.19	1.15E-03
-10.18	1.14E-03
-10.17	1.13E-03
-10.16	1.14E-03
-10.15	1.18E-03
-10.14	3.59E-03
-10.13	2.83E-03
-10.12	2.21E-03
-10.11	1.71E-03
-10.1	1.34E-03
-10.09	1.16E-03
-10.08	1.57E-03
-10.07	2.07E-03
-10.06	2.57E-03
-10.05	3.05E-03
-10.04	3.52E-03
-10.03	3.99E-03
-10.02	4.44E-03
-10.01	4.89E-03
-10	5.32E-03
-9.99	5.75E-03
-9.98	3.09E-03
-9.97	3.14E-03
-9.96	3.18E-03
-9.95	3.23E-03
-9.94	3.27E-03
-9.93	3.32E-03
-9.92	3.36E-03
-9.91	3.41E-03
-9.9	3.46E-03
-9.89	3.50E-03
-9.88	3.55E-03
-9.87	3.59E-03
-9.86	3.64E-03
-9.85	3.69E-03
-9.84	3.73E-03
-9.83	3.78E-03
-9.82	4.35E-03
-9.81	1.20E-02
-9.8	2.06E-02
-9.79	4.33E-03
-9.78	4.35E-03
-9.77	4.38E-03
-9.76	4.41E-03
-9.75	4.43E-03
-9.74	4.46E-03
-9.73	4.48E-03
-9.72	4.55E-03
-9.71	4.61E-03
-9.7	4.69E-03
-9.69	4.77E-03
-9.68	4.86E-03
-9.67	4.95E-03
-9.66	5.05E-03
-9.65	5.15E-03
-9.64	5.25E-03
-9.63	5.33E-03
-9.62	5.41E-03
-9.61	5.56E-03
-9.6	5.71E-03
-9.59	5.88E-03
-9.58	6.04E-03
-9.57	6.21E-03
-9.56	6.37E-03
-9.55	6.54E-03
-9.54	6.71E-03
-9.53	6.88E-03
-9.52	7.05E-03
-9.51	7.22E-03
-9.5	7.41E-03
-9.49	7.85E-03
-9.48	8.35E-03
-9.47	8.90E-03
-9.46	9.50E-03
-9.45	1.34E-02
-9.44	4.75E-03
-9.43	5.40E-03
-9.42	6.77E-03
-9.41	8.36E-03
-9.4	9.46E-03
-9.39	5.60E-03
-9.38	5.82E-03
-9.37	5.86E-03
-9.36	1.08E-02
-9.35	3.28E-02
-9.34	5.38E-02
-9.33	7.41E-02
-9.32	9.35E-02
-9.31	1.12E-01
-9.3	1.30E-01
-9.29	1.46E-01
-9.28	1.62E-01
-9.27	1.77E-01
-9.26	3.56E-01
-9.25	7.26E-01
-9.24	1.09E+00
-9.23	1.46E+00
-9.22	1.82E+00
-9.21	2.18E+00
-9.2	5.86E+00
-9.19	2.31E+00
-9.18	1.98E+00
-9.17	1.69E+00
-9.16	1.43E+00
-9.15	1.18E+00
-9.14	9.79E-01
-9.13	8.01E-01
-9.12	6.52E-01
-9.11	5.32E-01
-9.1	4.32E-01
-9.09	3.76E-01
-9.08	4.33E-01
-9.07	4.88E-01
-9.06	5.41E-01
-9.05	3.51E+00
-9.04	3.46E+00
-9.03	3.39E+00
-9.02	3.10E+00
-9.01	2.47E+00
-9	1.90E+00
-8.99	1.73E+00
-8.98	1.59E+00
-8.97	1.53E+00
-8.96	1.52E+00
-8.95	1.57E+00
-8.94	1.67E+00
-8.93	1.80E+00
-8.92	1.96E+00
-8.91	2.14E+00
-8.9	2.32E+00
-8.89	2.50E+00
-8.88	2.68E+00
-8.87	3.13E+00
-8.86	3.60E+00
-8.85	4.09E+00
-8.84	4.58E+00
-8.83	3.55E+00
-8.82	3.56E+00
-8.81	3.57E+00
-8.8	3.06E+00
-8.79	2.66E+00
-8.78	2.27E+00
-8.77	1.90E+00
-8.76	1.64E+00
-8.75	1.47E+00
-8.74	1.33E+00
-8.73	1.25E+00
-8.72	1.21E+00
-8.71	1.17E+00
-8.7	1.14E+00
-8.69	1.25E+00
-8.68	1.41E+00
-8.67	1.56E+00
-8.66	1.70E+00
-8.65	1.87E+00
-8.64	2.18E+00
-8.63	2.48E+00
-8.62	2.77E+00
-8.61	3.08E+00
-8.6	1.30E+01
-8.59	1.00E+01
-8.58	7.13E+00
-8.57	5.19E+00
-8.56	3.70E+00
-8.55	2.27E+00
-8.54	1.57E+00
-8.53	1.55E+00
-8.52	1.54E+00
-8.51	1.52E+00
-8.5	1.60E+00
-8.49	1.81E+00
-8.48	2.01E+00
-8.47	2.20E+00
-8.46	2.37E+00
-8.45	2.53E+00
-8.44	2.69E+00
-8.43	2.62E+00
-8.42	2.52E+00
-8.41	2.42E+00
-8.4	2.31E+00
-8.39	2.22E+00
-8.38	2.13E+00
-8.37	2.03E+00
-8.36	5.46E+00
-8.35	2.37E+00
-8.34	1.05E+00
-8.33	1.06E+00
-8.32	1.07E+00
-8.31	1.07E+00
-8.3	1.08E+00
-8.29	1.09E+00
-8.28	1.09E+00
-8.27	1.10E+00
-8.26	1.10E+00
-8.25	1.11E+00
-8.24	1.90E+00
-8.23	1.82E+00
-8.22	1.74E+00
-8.21	1.67E+00
-8.2	1.59E+00
-8.19	1.51E+00
-8.18	1.44E+00
-8.17	1.37E+00
-8.16	2.09E+00
-8.15	1.95E+00
-8.14	1.80E+00
-8.13	1.67E+00
-8.12	1.53E+00
-8.11	1.39E+00
-8.1	1.25E+00
-8.09	1.11E+00
-8.08	9.78E-01
-8.07	8.42E-01
-8.06	7.08E-01
-8.05	5.73E-01
-8.04	4.58E-01
-8.03	3.48E-01
-8.02	2.45E-01
-8.01	4.16E-01
-8	6.11E-01
-7.99	7.10E-01
-7.98	7.14E-01
-7.97	6.34E-01
-7.96	4.85E-01
-7.95	5.01E-01
-7.94	5.85E-01
-7.93	6.36E-01
-7.92	6.44E-01
-7.91	6.08E-01
-7.9	6.26E-01
-7.89	6.81E-01
-7.88	7.35E-01
-7.87	7.88E-01
-7.86	8.38E-01
-7.85	8.88E-01
-7.84	9.35E-01
-7.83	9.82E-01
-7.82	1.03E+00
-7.81	1.07E+00
-7.8	1.11E+00
-7.79	1.16E+00
-7.78	1.22E+00
-7.77	1.28E+00
-7.76	1.33E+00
-7.75	1.39E+00
-7.74	1.45E+00
-7.73	1.50E+00
-7.72	1.56E+00
-7.71	1.62E+00
-7.7	1.67E+00
-7.69	1.13E+00
-7.68	1.09E+00
-7.67	1.62E+00
-7.66	1.22E+00
-7.65	1.03E+00
-7.64	8.71E-01
-7.63	7.40E-01
-7.62	6.38E-01
-7.61	5.63E-01
-7.6	5.90E-01
-7.59	1.57E+00
-7.58	5.03E-01
-7.57	4.81E-01
-7.56	4.65E-01
-7.55	4.54E-01
-7.54	4.49E-01
-7.53	4.48E-01
-7.52	4.55E-01
-7.51	4.62E-01
-7.5	4.69E-01
-7.49	4.78E-01
-7.48	4.61E-01
-7.47	4.73E-01
-7.46	4.89E-01
-7.45	5.07E-01
-7.44	5.28E-01
-7.43	5.53E-01
-7.42	5.81E-01
-7.41	6.12E-01
-7.4	6.46E-01
-7.39	6.90E-01
-7.38	7.50E-01
-7.37	8.23E-01
-7.36	9.11E-01
-7.35	1.01E+00
-7.34	1.13E+00
-7.33	1.27E+00
-7.32	1.39E+00
-7.31	1.21E+00
-7.3	1.06E+00
-7.29	2.37E+00
-7.28	1.67E+00
-7.27	1.16E+00
-7.26	8.13E-01
-7.25	6.34E-01
-7.24	5.52E-01
-7.23	4.74E-01
-7.22	3.97E-01
-7.21	3.23E-01
-7.2	2.52E-01
-7.19	1.88E-01
-7.18	1.64E-01
-7.17	1.60E-01
-7.16	1.57E-01
-7.15	1.57E-01
-7.14	1.61E-01
-7.13	1.67E-01
-7.12	1.77E-01
-7.11	1.88E-01
-7.1	2.00E-01
-7.09	2.10E-01
-7.08	2.21E-01
-7.07	2.32E-01
-7.06	2.43E-01
-7.05	2.54E-01
-7.04	2.63E-01
-7.03	2.73E-01
-7.02	2.83E-01
-7.01	2.93E-01
-7	3.02E-01
-6.99	3.11E-01
-6.98	3.20E-01
-6.97	3.28E-01
-6.96	4.10E-01
-6.95	6.59E-01
-6.94	1.01E+00
-6.93	1.60E+00
-6.92	1.54E+00
-6.91	6.92E-01
-6.9	4.18E-01
-6.89	4.35E-01
-6.88	4.51E-01
-6.87	4.66E-01
-6.86	4.81E-01
-6.85	4.94E-01
-6.84	5.05E-01
-6.83	5.17E-01
-6.82	5.29E-01
-6.81	5.39E-01
-6.8	5.47E-01
-6.79	5.55E-01
-6.78	5.63E-01
-6.77	5.69E-01
-6.76	5.74E-01
-6.75	5.78E-01
-6.74	5.81E-01
-6.73	1.58E+00
-6.72	1.33E+00
-6.71	1.10E+00
-6.7	9.17E-01
-6.69	7.78E-01
-6.68	6.75E-01
-6.67	6.05E-01
-6.66	5.71E-01
-6.65	5.57E-01
-6.64	5.36E-01
-6.63	5.10E-01
-6.62	4.78E-01
-6.61	4.41E-01
-6.6	4.07E-01
-6.59	3.83E-01
-6.58	4.12E-01
-6.57	4.09E-01
-6.56	4.07E-01
-6.55	4.11E-01
-6.54	4.15E-01
-6.53	4.14E-01
-6.52	4.11E-01
-6.51	4.08E-01
-6.5	4.05E-01
-6.49	4.03E-01
-6.48	4.00E-01
-6.47	3.98E-01
-6.46	3.97E-01
-6.45	3.95E-01
-6.44	3.95E-01
-6.43	3.94E-01
-6.42	3.94E-01
-6.41	3.94E-01
-6.4	3.94E-01
-6.39	3.94E-01
-6.38	3.95E-01
-6.37	3.96E-01
-6.36	3.98E-01
-6.35	4.00E-01
-6.34	4.02E-01
-6.33	4.46E-01
-6.32	5.63E-01
-6.31	4.55E-01
-6.3	6.91E-01
-6.29	1.52E+00
-6.28	6.86E-01
-6.27	6.51E-01
-6.26	6.22E-01
-6.25	5.97E-01
-6.24	5.79E-01
-6.23	5.65E-01
-6.22	5.58E-01
-6.21	5.55E-01
-6.2	7.29E-01
-6.19	6.39E-01
-6.18	5.50E-01
-6.17	4.64E-01
-6.16	7.58E+00
-6.15	6.71E-01
-6.14	8.70E-01
-6.13	9.03E-01
-6.12	3.67E-01
-6.11	3.30E-01
-6.1	2.93E-01
-6.09	2.57E-01
-6.08	2.23E-01
-6.07	1.90E-01
-6.06	1.59E-01
-6.05	1.28E-01
-6.04	9.93E-02
-6.03	7.57E-02
-6.02	6.59E-02
-6.01	7.47E-02
-6	8.53E-02
-5.99	1.03E-01
-5.98	1.29E-01
-5.97	1.62E-01
-5.96	1.86E-01
-5.95	1.98E-01
-5.94	1.98E-01
-5.93	1.86E-01
-5.92	1.52E-01
-5.91	2.00E-01
-5.9	2.36E-01
-5.89	2.59E-01
-5.88	2.68E-01
-5.87	2.65E-01
-5.86	2.49E-01
-5.85	4.67E-01
-5.84	7.04E-01
-5.83	6.85E-01
-5.82	3.12E-01
-5.81	3.26E-01
-5.8	3.41E-01
-5.79	3.59E-01
-5.78	3.78E-01
-5.77	3.97E-01
-5.76	4.15E-01
-5.75	4.32E-01
-5.74	4.48E-01
-5.73	4.63E-01
-5.72	4.77E-01
-5.71	4.89E-01
-5.7	5.01E-01
-5.69	5.13E-01
-5.68	5.33E-01
-5.67	5.62E-01
-5.66	6.00E-01
-5.65	6.48E-01
-5.64	7.04E-01
-5.63	3.66E+00
-5.62	1.52E+00
-5.61	5.22E-01
-5.6	3.13E-01
-5.59	4.25E-01
-5.58	5.46E-01
-5.57	6.69E-01
-5.56	7.92E-01
-5.55	3.19E-01
-5.54	3.17E-01
-5.53	3.14E-01
-5.52	3.11E-01
-5.51	3.08E-01
-5.5	3.12E-01
-5.49	3.10E-01
-5.48	3.09E-01
-5.47	3.21E-01
-5.46	3.21E-01
-5.45	3.26E-01
-5.44	3.35E-01
-5.43	3.60E-01
-5.42	3.59E-01
-5.41	3.37E-01
-5.4	3.31E-01
-5.39	3.22E-01
-5.38	3.15E-01
-5.37	3.07E-01
-5.36	3.03E-01
-5.35	3.01E-01
-5.34	2.97E-01
-5.33	2.93E-01
-5.32	2.90E-01
-5.31	2.87E-01
-5.3	2.85E-01
-5.29	2.84E-01
-5.28	2.84E-01
-5.27	2.87E-01
-5.26	2.92E-01
-5.25	2.98E-01
-5.24	3.04E-01
-5.23	3.12E-01
-5.22	3.41E-01
-5.21	3.33E-01
-5.2	3.44E-01
-5.19	3.54E-01
-5.18	3.68E-01
-5.17	3.94E-01
-5.16	4.22E-01
-5.15	4.47E-01
-5.14	4.71E-01
-5.13	5.02E-01
-5.12	5.41E-01
-5.11	5.76E-01
-5.1	6.06E-01
-5.09	6.30E-01
-5.08	6.49E-01
-5.07	6.64E-01
-5.06	6.74E-01
-5.05	6.79E-01
-5.04	6.44E-01
-5.03	5.57E-01
-5.02	4.39E-01
-5.01	3.10E-01
-5	3.25E-01
-4.99	3.41E-01
-4.98	3.44E-01
-4.97	3.43E-01
-4.96	3.36E-01
-4.95	3.29E-01
-4.94	3.24E-01
-4.93	3.18E-01
-4.92	3.12E-01
-4.91	3.08E-01
-4.9	3.03E-01
-4.89	2.99E-01
-4.88	2.47E-01
-4.87	2.44E-01
-4.86	2.42E-01
-4.85	2.40E-01
-4.84	2.38E-01
-4.83	2.35E-01
-4.82	2.33E-01
-4.81	2.31E-01
-4.8	2.29E-01
-4.79	2.27E-01
-4.78	2.25E-01
-4.77	2.22E-01
-4.76	2.21E-01
-4.75	2.19E-01
-4.74	2.17E-01
-4.73	2.14E-01
-4.72	2.12E-01
-4.71	5.98E-01
-4.7	2.60E-01
-4.69	1.36E-01
-4.68	1.42E-01
-4.67	1.57E-01
-4.66	1.69E-01
-4.65	1.78E-01
-4.64	1.83E-01
-4.63	1.85E-01
-4.62	1.84E-01
-4.61	1.80E-01
-4.6	1.72E-01
-4.59	1.60E-01
-4.58	1.50E-01
-4.57	1.88E-01
-4.56	2.64E-01
-4.55	2.96E-01
-4.54	3.01E-01
-4.53	3.60E-01
-4.52	3.85E-01
-4.51	3.77E-01
-4.5	4.05E-01
-4.49	6.72E-01
-4.48	8.70E-01
-4.47	1.14E+00
-4.46	4.44E-01
-4.45	3.81E-01
-4.44	3.23E-01
-4.43	2.70E-01
-4.42	2.22E-01
-4.41	1.79E-01
-4.4	1.43E-01
-4.39	1.14E-01
-4.38	9.01E-02
-4.37	7.27E-02
-4.36	6.35E-02
-4.35	6.86E-02
-4.34	7.52E-02
-4.33	8.24E-02
-4.32	1.20E-01
-4.31	1.58E-01
-4.3	1.87E-01
-4.29	2.58E-01
-4.28	3.29E-01
-4.27	3.68E-01
-4.26	3.67E-01
-4.25	3.96E-01
-4.24	3.89E-01
-4.23	3.32E-01
-4.22	2.21E-01
-4.21	9.81E-02
-4.2	2.74E-01
-4.19	8.88E-02
-4.18	3.08E-02
-4.17	2.59E-02
-4.16	2.96E-02
-4.15	3.76E-02
-4.14	4.99E-02
-4.13	6.63E-02
-4.12	8.69E-02
-4.11	5.80E-02
-4.1	6.62E-02
-4.09	7.59E-02
-4.08	8.68E-02
-4.07	9.78E-02
-4.06	1.10E-01
-4.05	1.24E-01
-4.04	1.37E-01
-4.03	1.52E-01
-4.02	1.67E-01
-4.01	1.88E-01
-4	3.94E-01
-3.99	5.53E-01
-3.98	4.59E-01
-3.97	3.25E-01
-3.96	2.20E-01
-3.95	1.46E-01
-3.94	1.03E-01
-3.93	1.01E-01
-3.92	2.32E-01
-3.91	1.11E-01
-3.9	9.78E-02
-3.89	9.68E-02
-3.88	9.64E-02
-3.87	1.10E-01
-3.86	1.27E-01
-3.85	1.44E-01
-3.84	1.59E-01
-3.83	1.68E-01
-3.82	1.66E-01
-3.81	1.78E-01
-3.8	1.91E-01
-3.79	2.68E-01
-3.78	2.50E-01
-3.77	1.31E-01
-3.76	1.21E-01
-3.75	1.17E-01
-3.74	1.15E-01
-3.73	1.13E-01
-3.72	1.09E-01
-3.71	1.06E-01
-3.7	1.02E-01
-3.69	9.73E-02
-3.68	9.21E-02
-3.67	8.79E-02
-3.66	8.63E-02
-3.65	8.83E-02
-3.64	8.65E-02
-3.63	6.99E-02
-3.62	5.41E-02
-3.61	4.53E-02
-3.6	6.10E-02
-3.59	7.76E-02
-3.58	9.48E-02
-3.57	1.03E-01
-3.56	3.36E-02
-3.55	3.77E-02
-3.54	4.72E-02
-3.53	5.94E-02
-3.52	8.05E-02
-3.51	9.63E-02
-3.5	1.07E-01
-3.49	1.15E-01
-3.48	1.23E-01
-3.47	1.28E-01
-3.46	1.32E-01
-3.45	1.34E-01
-3.44	1.35E-01
-3.43	2.10E-01
-3.42	1.21E-01
-3.41	1.14E-01
-3.4	1.11E-01
-3.39	1.07E-01
-3.38	6.85E-02
-3.37	6.39E-02
-3.36	5.96E-02
-3.35	5.56E-02
-3.34	5.17E-02
-3.33	4.82E-02
-3.32	4.49E-02
-3.31	4.18E-02
-3.3	4.01E-02
-3.29	3.67E-02
-3.28	3.34E-02
-3.27	3.19E-02
-3.26	3.09E-02
-3.25	5.98E-02
-3.24	5.24E-02
-3.23	5.04E-02
-3.22	4.66E-02
-3.21	4.12E-02
-3.2	3.59E-02
-3.19	3.06E-02
-3.18	2.55E-02
-3.17	2.06E-02
-3.16	1.58E-02
-3.15	1.12E-02
-3.14	7.28E-03
-3.13	4.30E-03
-3.12	2.46E-03
-3.11	5.74E-03
-3.1	1.34E-02
-3.09	2.54E-02
-3.08	4.17E-02
-3.07	6.23E-02
-3.06	8.71E-02
-3.05	5.52E-02
-3.04	5.76E-02
-3.03	5.99E-02
-3.02	6.18E-02
-3.01	7.25E-02
-3	9.57E-02
-2.99	6.25E-02
-2.98	6.07E-02
-2.97	5.76E-02
-2.96	5.32E-02
-2.95	4.75E-02
-2.94	3.88E-02
-2.93	3.25E-02
-2.92	3.09E-02
-2.91	2.93E-02
-2.9	2.77E-02
-2.89	2.61E-02
-2.88	2.45E-02
-2.87	2.30E-02
-2.86	2.14E-02
-2.85	1.99E-02
-2.84	1.84E-02
-2.83	1.70E-02
-2.82	1.58E-02
-2.81	1.47E-02
-2.8	1.05E-02
-2.79	8.98E-03
-2.78	7.27E-03
-2.77	7.69E-03
-2.76	8.15E-03
-2.75	8.63E-03
-2.74	9.15E-03
-2.73	9.70E-03
-2.72	1.03E-02
-2.71	1.09E-02
-2.7	1.15E-02
-2.69	1.22E-02
-2.68	1.29E-02
-2.67	1.28E-02
-2.66	1.14E-02
-2.65	9.94E-03
-2.64	8.57E-03
-2.63	7.30E-03
-2.62	6.14E-03
-2.61	5.08E-03
-2.6	4.12E-03
-2.59	3.27E-03
-2.58	2.53E-03
-2.57	2.05E-03
-2.56	1.77E-03
-2.55	1.50E-03
-2.54	1.23E-03
-2.53	1.18E-03
-2.52	1.19E-03
-2.51	1.20E-03
-2.5	1.21E-03
-2.49	1.22E-03
-2.48	1.23E-03
-2.47	1.25E-03
-2.46	1.26E-03
-2.45	1.26E-03
-2.44	1.27E-03
-2.43	1.29E-03
-2.42	1.32E-03
-2.41	1.35E-03
-2.4	1.39E-03
-2.39	1.42E-03
-2.38	1.45E-03
-2.37	1.46E-03
-2.36	1.45E-03
-2.35	1.38E-03
-2.34	1.63E-03
-2.33	2.11E-03
-2.32	1.35E-03
-2.31	1.31E-03
-2.3	1.27E-03
-2.29	1.24E-03
-2.28	1.20E-03
-2.27	1.16E-03
-2.26	1.18E-03
-2.25	1.17E-03
-2.24	1.16E-03
-2.23	1.14E-03
-2.22	1.51E-03
-2.21	1.33E-03
-2.2	1.03E-03
-2.19	8.73E-04
-2.18	6.79E-04
-2.17	5.94E-04
-2.16	6.48E-04
-2.15	7.11E-04
-2.14	7.48E-04
-2.13	7.59E-04
-2.12	7.72E-04
-2.11	8.82E-04
-2.1	1.56E-03
-2.09	1.09E-03
-2.08	1.30E-03
-2.07	1.51E-03
-2.06	2.06E-03
-2.05	2.07E-03
-2.04	2.09E-03
-2.03	2.13E-03
-2.02	8.32E-03
-2.01	3.95E-03
-2	3.35E-03
-1.99	3.83E-03
-1.98	4.49E-03
-1.97	5.75E-03
-1.96	6.12E-03
-1.95	6.69E-03
-1.94	3.47E-03
-1.93	3.06E-03
-1.92	1.51E-03
-1.91	1.25E-03
-1.9	1.19E-03
-1.89	1.09E-03
-1.88	1.00E-03
-1.87	1.39E-03
-1.86	7.00E-04
-1.85	1.29E-03
-1.84	1.20E-03
-1.83	1.21E-03
-1.82	2.18E-03
-1.81	2.35E-03
-1.8	2.40E-03
-1.79	2.33E-03
-1.78	2.15E-03
-1.77	1.84E-03
-1.76	1.40E-03
-1.75	8.79E-04
-1.74	8.67E-04
-1.73	8.62E-04
-1.72	9.23E-04
-1.71	9.70E-04
-1.7	1.55E-03
-1.69	4.55E-03
-1.68	8.85E-04
-1.67	6.63E-04
-1.66	2.38E-03
-1.65	2.05E-03
-1.64	1.87E-03
-1.63	1.91E-03
-1.62	2.15E-03
-1.61	1.85E-03
-1.6	1.30E-03
-1.59	1.18E-03
-1.58	1.08E-03
-1.57	9.73E-04
-1.56	8.99E-04
-1.55	8.51E-04
-1.54	8.03E-04
-1.53	7.53E-04
-1.52	7.03E-04
-1.51	6.53E-04
-1.5	6.01E-04
-1.49	1.36E-03
-1.48	4.41E-04
-1.47	7.63E-04
-1.46	1.31E-03
-1.45	1.86E-03
-1.44	2.17E-03
-1.43	7.61E-04
-1.42	7.07E-04
-1.41	1.09E-03
-1.4	3.06E-04
-1.39	2.93E-04
-1.38	2.82E-04
-1.37	2.72E-04
-1.36	3.17E-04
-1.35	3.10E-04
-1.34	3.04E-04
-1.33	3.17E-04
-1.32	3.14E-04
-1.31	3.11E-04
-1.3	3.08E-04
-1.29	3.07E-04
-1.28	3.06E-04
-1.27	3.07E-04
-1.26	3.07E-04
-1.25	3.06E-04
-1.24	3.05E-04
-1.23	3.03E-04
-1.22	3.76E-04
-1.21	4.55E-04
-1.2	5.28E-04
-1.19	6.02E-04
-1.18	7.78E-04
-1.17	4.65E-03
-1.16	4.06E-03
-1.15	6.50E-03
-1.14	2.16E-03
-1.13	1.54E-03
-1.12	1.08E-03
-1.11	8.09E-04
-1.1	8.00E-04
-1.09	7.87E-04
-1.08	7.71E-04
-1.07	7.50E-04
-1.06	7.24E-04
-1.05	6.96E-04
-1.04	6.63E-04
-1.03	6.27E-04
-1.02	5.86E-04
-1.01	5.88E-04
-1	6.01E-04
-0.99	6.14E-04
-0.98	6.29E-04
-0.97	6.44E-04
-0.96	6.61E-04
-0.95	5.16E-04
-0.94	4.65E-04
-0.93	5.79E-04
-0.92	7.29E-04
-0.91	9.17E-04
-0.9	1.20E-03
-0.89	1.79E-03
-0.88	5.51E-04
-0.87	3.81E-04
-0.86	1.33E-03
-0.85	6.82E-04
-0.84	6.43E-04
-0.83	6.01E-04
-0.82	5.58E-04
-0.81	5.12E-04
-0.8	4.65E-04
-0.79	4.15E-04
-0.78	3.64E-04
-0.77	3.20E-04
-0.76	3.49E-04
-0.75	4.64E-04
-0.74	4.77E-04
-0.73	4.87E-04
-0.72	4.97E-04
-0.71	5.05E-04
-0.7	5.11E-04
-0.69	5.15E-04
-0.68	5.44E-04
-0.67	5.79E-04
-0.66	6.13E-04
-0.65	6.46E-04
-0.64	6.79E-04
-0.63	3.90E-04
-0.62	3.96E-04
-0.61	4.03E-04
-0.6	4.09E-04
-0.59	4.15E-04
-0.58	4.22E-04
-0.57	4.28E-04
-0.56	4.36E-04
-0.55	4.39E-04
-0.54	4.40E-04
-0.53	4.39E-04
-0.52	4.37E-04
-0.51	4.34E-04
-0.5	4.31E-04
-0.49	4.27E-04
-0.48	4.23E-04
-0.47	4.18E-04
-0.46	4.12E-04
-0.45	4.06E-04
-0.44	3.99E-04
-0.43	3.92E-04
-0.42	3.83E-04
-0.41	3.80E-04
-0.4	3.82E-04
-0.39	3.84E-04
-0.38	3.85E-04
-0.37	3.86E-04
-0.36	3.87E-04
-0.35	3.87E-04
-0.34	3.87E-04
-0.33	3.87E-04
-0.32	3.86E-04
-0.31	3.85E-04
-0.3	3.84E-04
-0.29	3.83E-04
-0.28	3.80E-04
-0.27	3.78E-04
-0.26	3.25E-04
-0.25	3.09E-04
-0.24	2.94E-04
-0.23	2.78E-04
-0.22	2.63E-04
-0.21	2.48E-04
-0.2	2.33E-04
-0.19	2.18E-04
-0.18	2.03E-04
-0.17	1.89E-04
-0.16	1.74E-04
-0.15	1.60E-04
-0.14	1.46E-04
-0.13	1.32E-04
-0.12	1.18E-04
-0.11	1.04E-04
-0.1	9.03E-05
-0.09	7.70E-05
-0.08	6.35E-05
-0.07	5.02E-05
-0.06	3.71E-05
-0.05	2.40E-05
-0.04	1.11E-05
-0.03	0.00E+00
-0.02	0.00E+00
-0.01	0.00E+00
0	0.00E+00
0.01	0.00E+00
0.02	0.00E+00
0.03	0.00E+00
0.04	0.00E+00
0.05	0.00E+00
0.06	0.00E+00
0.07	6.86E-06
0.08	4.12E-05
0.09	7.49E-05
0.1	1.13E-04
0.11	1.58E-04
0.12	2.32E-04
0.13	3.13E-04
0.14	3.90E-04
0.15	4.67E-04
0.16	5.41E-04
0.17	6.14E-04
0.18	6.84E-04
0.19	7.53E-04
0.2	8.20E-04
0.21	8.83E-04
0.22	9.47E-04
0.23	1.01E-03
0.24	1.07E-03
0.25	1.12E-03
0.26	1.18E-03
0.27	2.19E-03
0.28	2.17E-03
0.29	2.25E-03
0.3	2.29E-03
0.31	2.34E-03
0.32	2.40E-03
0.33	2.73E-03
0.34	5.08E-03
0.35	8.80E-03
0.36	1.27E-02
0.37	7.28E-03
0.38	7.56E-03
0.39	7.83E-03
0.4	5.16E-03
0.41	1.45E-03
0.42	1.50E-03
0.43	4.31E-03
0.44	4.85E-03
0.45	5.72E-03
0.46	1.27E-02
0.47	6.50E-04
0.48	6.48E-04
0.49	6.45E-04
0.5	6.40E-04
0.51	6.34E-04
0.52	6.27E-04
0.53	6.20E-04
0.54	6.11E-04
0.55	6.01E-04
0.56	5.90E-04
0.57	5.77E-04
0.58	1.48E-03
0.59	3.30E-03
0.6	6.84E-03
0.61	1.33E-02
0.62	3.36E-02
0.63	6.00E-02
0.64	2.20E-02
0.65	1.95E-02
0.66	1.57E-02
0.67	1.65E-02
0.68	1.38E-02
0.69	1.07E-02
0.7	8.43E-03
0.71	6.56E-03
0.72	4.83E-03
0.73	3.99E-03
0.74	3.68E-03
0.75	3.96E-03
0.76	2.95E-03
0.77	1.22E-03
0.78	1.07E-03
0.79	1.12E-03
0.8	1.16E-03
0.81	1.21E-03
0.82	1.25E-03
0.83	1.30E-03
0.84	1.34E-03
0.85	1.39E-03
0.86	1.43E-03
0.87	1.48E-03
0.88	1.52E-03
0.89	1.57E-03
0.9	1.61E-03
0.91	1.66E-03
0.92	1.70E-03
0.93	1.74E-03
0.94	1.79E-03
0.95	1.83E-03
0.96	1.87E-03
0.97	1.92E-03
0.98	1.96E-03
0.99	2.00E-03
1	2.04E-03
1.01	2.09E-03
1.02	2.13E-03
1.03	2.17E-03
1.04	2.22E-03
1.05	2.26E-03
1.06	2.30E-03
1.07	3.37E-03
1.08	7.76E-03
1.09	1.17E-02
1.1	5.32E-03
1.11	5.72E-03
1.12	6.16E-03
1.13	7.03E-03
1.14	7.98E-03
1.15	9.45E-03
1.16	1.91E-02
1.17	2.76E-02
1.18	3.30E-02
1.19	3.54E-02
1.2	3.46E-02
1.21	2.74E-02
1.22	2.73E-02
1.23	2.88E-02
1.24	2.83E-02
1.25	2.45E-02
1.26	2.15E-02
1.27	2.30E-02
1.28	2.44E-02
1.29	2.73E-02
1.3	2.98E-02
1.31	3.01E-02
1.32	2.68E-02
1.33	2.68E-02
1.34	2.70E-02
1.35	2.60E-02
1.36	2.51E-02
1.37	2.44E-02
1.38	2.38E-02
1.39	2.34E-02
1.4	2.31E-02
1.41	2.30E-02
1.42	2.31E-02
1.43	2.33E-02
1.44	2.82E-02
1.45	2.76E-02
1.46	2.78E-02
1.47	2.89E-02
1.48	3.05E-02
1.49	3.05E-02
1.5	3.09E-02
1.51	3.21E-02
1.52	5.10E-02
1.53	4.36E-02
1.54	3.83E-02
1.55	3.48E-02
1.56	4.03E-02
1.57	5.21E-02
1.58	6.31E-02
1.59	4.80E-02
1.6	6.40E-02
1.61	7.52E-02
1.62	8.33E-02
1.63	8.86E-02
1.64	9.25E-02
1.65	9.52E-02
1.66	7.18E-02
1.67	7.09E-02
1.68	6.18E-02
1.69	7.39E-02
1.7	8.80E-02
1.71	1.04E-01
1.72	2.09E-01
1.73	8.54E-02
1.74	1.61E-01
1.75	1.45E-01
1.76	1.33E-01
1.77	1.23E-01
1.78	1.17E-01
1.79	1.10E-01
1.8	2.88E-01
1.81	1.10E-01
1.82	1.06E-01
1.83	1.33E-01
1.84	1.61E-01
1.85	1.88E-01
1.86	2.21E-01
1.87	2.47E-01
1.88	2.49E-01
1.89	2.61E-01
1.9	1.09E+00
1.91	1.89E+00
1.92	2.63E+00
1.93	1.93E+00
1.94	2.05E+00
1.95	2.25E+00
1.96	2.52E+00
1.97	2.87E+00
1.98	2.18E+00
1.99	2.40E+00
2	2.36E+00
2.01	2.35E+00
2.02	1.37E+00
2.03	1.18E+00
2.04	1.04E+00
2.05	9.08E-01
2.06	7.37E-01
2.07	5.81E-01
2.08	4.49E-01
2.09	3.32E-01
2.1	2.29E-01
2.11	1.41E-01
2.12	1.07E-01
2.13	8.29E-02
2.14	6.24E-02
2.15	4.51E-02
2.16	3.47E-02
2.17	3.38E-02
2.18	3.60E-02
2.19	8.15E-02
2.2	1.48E-01
2.21	1.89E-01
2.22	2.06E-01
2.23	7.95E-02
2.24	8.15E-02
2.25	1.90E-01
2.26	1.55E-01
2.27	1.38E-01
2.28	1.46E-01
2.29	1.59E-01
2.3	1.72E-01
2.31	1.68E-01
2.32	1.77E-01
2.33	1.85E-01
2.34	1.91E-01
2.35	2.00E-01
2.36	2.15E-01
2.37	2.36E-01
2.38	2.64E-01
2.39	2.96E-01
2.4	3.27E-01
2.41	3.60E-01
2.42	3.56E-01
2.43	3.92E-01
2.44	4.21E-01
2.45	4.44E-01
2.46	4.61E-01
2.47	1.27E+00
2.48	1.05E+00
2.49	8.49E-01
2.5	6.60E-01
2.51	4.84E-01
2.52	3.22E-01
2.53	2.67E-01
2.54	2.13E-01
2.55	1.62E-01
2.56	1.35E-01
2.57	1.06E-01
2.58	7.45E-02
2.59	4.15E-02
2.6	6.74E-03
2.61	0.00E+00
 
