-15.23	0
-15.22	3.895786151
-15.21	7.799533734
-15.2	5.723222159
-15.19	6.045748596
-15.18	6.363504709
-15.17	6.686040945
-15.16	7.01593724
-15.15	7.33735355
-15.14	7.46239688
-15.13	7.08006103
-15.12	6.69105489
-15.11	6.4883516
-15.1	6.66275533
-15.09	6.82732849
-15.08	6.98750157
-15.07	7.1567847
-15.06	7.32157732
-15.05	7.48541046
-15.04	7.64825372
-15.03	7.81683343
-15.02	15.60098336
-15.01	12.4542674
-15	9.31672277
-14.99	6.17637377
-14.98	3.35442113
-14.97	2.902324144
-14.96	2.449872161
-14.95	2.266984102
-14.94	2.469114944
-14.93	2.6728537
-14.92	2.87558426
-14.91	3.078486733
-14.9	3.54955575
-14.89	4.20816293
-14.88	4.86390904
-14.87	10.45389214
-14.86	24.55345244
-14.85	5.25105827
-14.84	5.32529865
-14.83	5.39994595
-14.82	5.47533625
-14.81	5.54377641
-14.8	5.61881341
-14.79	5.68844636
-14.78	5.76408013
-14.77	5.83395991
-14.76	5.92441563
-14.75	6.01516149
-14.74	6.10004018
-14.73	6.19395587
-14.72	6.27825531
-14.71	6.36689479
-14.7	6.46504416
-14.69	6.55431441
-14.68	6.6452005
-14.67	9.05173973
-14.66	8.68515008
-14.65	8.31217243
-14.64	7.93188373
-14.63	7.61501722
-14.62	7.35033729
-14.61	7.08930245
-14.6	7.15186265
-14.59	7.25041426
-14.58	7.33931284
-14.57	7.43410844
-14.56	7.52818402
-14.55	7.62782251
-14.54	7.72275502
-14.53	7.81255054
-14.52	7.91008503
-14.51	6.50930851
-14.5	6.55315145
-14.49	6.60701536
-14.48	6.64696323
-14.47	6.70669009
-14.46	6.75390592
-14.45	6.44430317
-14.44	6.39781347
-14.43	6.34961482
-14.42	6.5497013
-14.41	6.55313278
-14.4	6.55317027
-14.39	6.5551678
-14.38	6.56211528
-14.37	6.5684157
-14.36	6.56290924
-14.35	6.56617468
-14.34	7.9653218
-14.33	11.79343827
-14.32	11.18690143
-14.31	10.58547379
-14.3	9.97389924
-14.29	9.36907688
-14.28	8.75719767
-14.27	8.15050462
-14.26	7.54677767
-14.25	6.94178195
-14.24	6.33336835
-14.23	5.73048192
-14.22	5.14578992
-14.21	4.81223472
-14.2	4.67974272
-14.19	4.54368271
-14.18	4.61080781
-14.17	11.23585291
-14.16	9.73038292
-14.15	8.22151515
-14.14	6.70825666
-14.13	5.19339144
-14.12	3.67665155
-14.11	4.02660073
-14.1	4.77070186
-14.09	5.51006383
-14.08	6.25852858
-14.07	6.99160627
-14.06	7.73461177
-14.05	8.4786321
-14.04	9.22221528
-14.03	9.97175339
-14.02	10.71822333
-14.01	6.4924158
-14	5.61621895
-13.99	5.66185197
-13.98	5.70733798
-13.97	5.74875391
-13.96	5.79407586
-13.95	5.8360268
-13.94	5.88401169
-13.93	5.93369761
-13.92	5.97122255
-13.91	6.01268144
-13.9	6.06089137
-13.89	6.1036062
-13.88	6.15122607
-13.87	9.26056872
-13.86	19.05628976
-13.85	28.89283736
-13.84	6.80640339
-13.83	6.80107896
-13.82	6.80717656
-13.81	6.81047407
-13.8	6.81167169
-13.79	6.82049225
-13.78	6.81710887
-13.77	6.81714341
-13.76	6.9261378
-13.75	7.05920936
-13.74	7.18779794
-13.73	7.31657047
-13.72	7.44892894
-13.71	7.57965541
-13.7	7.7066719
-13.69	7.84851534
-13.68	7.97807172
-13.67	8.10548318
-13.66	8.24656453
-13.65	8.36940791
-13.64	8.4457549
-13.63	8.51449981
-13.62	8.62288406
-13.61	8.80295675
-13.6	8.98565939
-13.59	9.17079299
-13.58	9.3579836
-13.57	9.53958516
-13.56	9.71973581
-13.55	9.90133135
-13.54	10.09567186
-13.53	12.1477178
-13.52	10.38015429
-13.51	8.609044
-13.5	6.84176285
-13.49	5.070438065
-13.48	3.428745436
-13.47	7.03417091
-13.46	10.72040288
-13.45	10.99606894
-13.44	10.28652743
-13.43	9.5660659
-13.42	8.84463749
-13.41	8.1224001
-13.4	7.39961718
-13.39	6.68463139
-13.38	3.137468456
-13.37	3.230570866
-13.36	3.321873954
-13.35	3.415674703
-13.34	3.506655151
-13.33	3.599829327
-13.32	3.694286814
-13.31	3.785635985
-13.3	3.876486864
-13.29	3.970417731
-13.28	4.062218955
-13.27	4.154751585
-13.26	4.247668905
-13.25	4.339968168
-13.24	4.433095151
-13.23	11.59995636
-13.22	11.63665604
-13.21	11.64750076
-13.2	11.67831935
-13.19	11.70559388
-13.18	11.73140448
-13.17	9.43677041
-13.16	6.083717323
-13.15	4.701934398
-13.14	5.995927232
-13.13	7.295032058
-13.12	8.58984736
-13.11	9.88257359
-13.1	11.18171339
-13.09	12.47638939
-13.08	28.65268886
-13.07	15.43549013
-13.06	10.61621623
-13.05	9.68379555
-13.04	8.751176772
-13.03	7.826144117
-13.02	7.048118866
-13.01	6.277155303
-13	5.530953435
-12.99	4.844247432
-12.98	4.919994049
-12.97	5.014230086
-12.96	5.112273407
-12.95	5.647608332
-12.94	6.205382999
-12.93	6.806166183
-12.92	7.421594113
-12.91	8.021731099
-12.9	8.6317807
-12.89	9.24069912
-12.88	9.83978177
-12.87	10.44918922
-12.86	11.05861329
-12.85	11.66372073
-12.84	12.27297469
-12.83	12.87971443
-12.82	10.51675506
-12.81	10.46116522
-12.8	10.54684311
-12.79	19.27911238
-12.78	10.03832462
-12.77	9.46145301
-12.76	9.42338065
-12.75	9.38144041
-12.74	9.30211197
-12.73	9.129067682
-12.72	8.954741342
-12.71	8.780774062
-12.7	8.60503081
-12.69	8.440296567
-12.68	8.264545015
-12.67	8.073652174
-12.66	7.877239795
-12.65	7.703381569
-12.64	7.706098611
-12.63	7.702997292
-12.62	7.708515635
-12.61	7.708313889
-12.6	7.710629492
-12.59	7.715726346
-12.58	9.97104335
-12.57	10.05625827
-12.56	10.13657637
-12.55	10.2351105
-12.54	10.30592898
-12.53	10.39753652
-12.52	10.48165666
-12.51	10.57735383
-12.5	10.65315096
-12.49	10.74163884
-12.48	10.82802666
-12.47	10.93757627
-12.46	11.08013108
-12.45	15.98303758
-12.44	20.93234396
-12.43	25.89511334
-12.42	19.87675101
-12.41	17.35558949
-12.4	15.21530697
-12.39	13.14122447
-12.38	12.88251924
-12.37	11.406077139
-12.36	9.930535484
-12.35	8.851481558
-12.34	8.006931534
-12.33	0.765561181500055
-12.32	0.997898184484
-12.31	1.7555268233
-12.3	2.690339164
-12.29	4.285916313
-12.28	5.879403725
-12.27	7.468130329
-12.26	9.847256047
-12.25	12.475551552
-12.24	15.098097329
-12.23	17.726504471
-12.22	22.332243658
-12.21	31.86158775
-12.2	21.898526252
-12.19	20.833301782
-12.18	19.768934807
-12.17	18.700708819
-12.16	17.631858267
-12.15	16.900744148
-12.14	17.950754815
-12.13	19.0234728
-12.12	20.08925335
-12.11	16.8396519
-12.1	16.42245346
-12.09	29.0203275
-12.08	28.27782321
-12.07	13.022788358
-12.06	12.175880229
-12.05	11.343474138
-12.04	10.49386971
-12.03	9.654974238
-12.02	8.799476004
-12.01	7.968582904
-12	7.185397846
-11.99	6.892159934
-11.98	6.57810691
-11.97	6.282056127
-11.96	6.010270575
-11.95	6.20426239
-11.94	7.720260918
-11.93	9.444892952
-11.92	11.172524497
-11.91	12.906377629
-11.9	14.62875912
-11.89	16.354639095
-11.88	8.093535891
-11.87	8.30021855
-11.86	8.502309698
-11.85	8.717143185
-11.84	8.86146493
-11.83	9.46173124
-11.82	9.577507028
-11.81	9.219829558
-11.8	8.852941314
-11.79	8.488265657
-11.78	8.132657397
-11.77	7.769147233
-11.76	7.390397785
-11.75	7.028630325
-11.74	6.812288251
-11.73	6.796893133
-11.72	6.792368348
-11.71	6.769454201
-11.7	6.759802288
-11.69	6.757257271
-11.68	6.736953963
-11.67	6.728747565
-11.66	9.437988202
-11.65	7.684006013
-11.64	5.9356577741
-11.63	4.1795676959
-11.62	2.4300126965
-11.61	0.67758436912
-11.6	0
-11.59	0
-11.58	0
-11.57	0
-11.56	0
-11.55	0
-11.54	0
-11.53	0
-11.52	0
-11.51	0
-11.5	0
-11.49	0
-11.48	0
-11.47	0
-11.46	0
-11.45	0
-11.44	0
-11.43	0
-11.42	0
-11.41	0
-11.4	0
-11.39	0
-11.38	0
-11.37	0
-11.36	0
-11.35	0
-11.34	0
-11.33	0
-11.32	0
-11.31	1.5550051
-11.3	4.7116814
-11.29	7.8660425
-11.28	5.1276378
-11.27	5.3822718
-11.26	5.6391437
-11.25	5.9005528
-11.24	6.1590491
-11.23	6.4199406
-11.22	6.678423
-11.21	6.5477273
-11.2	6.2340116
-11.19	5.9263327
-11.18	5.7985627
-11.17	5.9124483
-11.16	6.0315167
-11.15	6.1556639
-11.14	6.2711233
-11.13	6.3891018
-11.12	6.508531
-11.11	6.6261436
-11.1	6.7489585
-11.09	6.8640766
-11.08	13.4841431
-11.07	11.2841
-11.06	9.077362
-11.05	6.8763563
-11.04	4.67963317
-11.03	2.78782004
-11.02	2.47196984
-11.01	2.21420858
-11	2.38868542
-10.99	2.56826925
-10.98	2.74963849
-10.97	2.92981509
-10.96	3.10632606
-10.95	3.28371135
-10.94	3.52355361
-10.93	4.01847011
-10.92	7.43825628
-10.91	14.2524222
-10.9	21.157219
-10.89	4.69172938
-10.88	4.75316275
-10.87	4.80887073
-10.86	4.87673094
-10.85	4.94042771
-10.84	4.99497555
-10.83	5.05491362
-10.82	5.11363549
-10.81	5.18451299
-10.8	5.24148453
-10.79	5.30737641
-10.78	5.38649815
-10.77	5.46139185
-10.76	5.54180238
-10.75	5.61497684
-10.74	5.69039423
-10.73	5.76865518
-10.72	5.8356686
-10.71	5.9165598
-10.7	5.9905437
-10.69	8.3803869
-10.68	8.0268679
-10.67	7.6750751
-10.66	7.3283723
-10.65	6.977621
-10.64	6.7102318
-10.63	6.4456977
-10.62	6.4650318
-10.61	6.5477252
-10.6	6.6312401
-10.59	6.7148468
-10.58	6.7964031
-10.57	6.8794314
-10.56	6.967385
-10.55	7.0470664
-10.54	7.1294132
-10.53	7.2103392
-10.52	7.2997182
-10.51	5.9276381
-10.5	5.9656733
-10.49	6.0047672
-10.48	6.0448673
-10.47	6.0832735
-10.46	6.1242722
-10.45	6.0885785
-10.44	5.903097
-10.43	5.8704514
-10.42	5.8918055
-10.41	6.0026764
-10.4	6.0079542
-10.39	6.0184528
-10.38	6.0309659
-10.37	6.0387295
-10.36	6.0508653
-10.35	6.0569853
-10.34	6.0687018
-10.33	7.3625709
-10.32	10.7975581
-10.31	10.2890034
-10.3	9.7837659
-10.29	9.2786556
-10.28	8.7684835
-10.27	8.2673096
-10.26	7.7636979
-10.25	7.2556851
-10.24	6.7533785
-10.23	6.2431984
-10.22	5.743119
-10.21	5.2333155
-10.2	4.748125
-10.19	4.411274
-10.18	4.2939452
-10.17	4.3079898
-10.16	4.3692158
-10.15	4.4609527
-10.14	11.123184
-10.13	9.5208853
-10.12	7.9111532
-10.11	6.2954141
-10.1	4.6847463
-10.09	3.4563823
-10.08	4.0499296
-10.07	4.7889271
-10.06	5.521468
-10.05	6.26049
-10.04	6.994036
-10.03	7.736351
-10.02	8.466114
-10.01	9.201299
-10	9.930804
-9.99	10.674938
-9.98	5.474511
-9.97	5.517546
-9.96	5.562922
-9.95	5.605253
-9.94	5.648272
-9.93	5.690622
-9.92	5.737289
-9.91	5.783117
-9.9	5.826431
-9.89	5.870661
-9.88	5.915292
-9.87	5.954132
-9.86	5.998485
-9.85	6.047236
-9.84	6.089959
-9.83	6.129449
-9.82	7.082362
-9.81	19.049886
-9.8	31.029389
-9.79	6.940275
-9.78	6.963882
-9.77	6.987182
-9.76	7.012961
-9.75	7.04078
-9.74	7.059624
-9.73	7.090285
-9.72	7.182183
-9.71	7.275413
-9.7	7.376079
-9.69	7.462103
-9.68	7.558047
-9.67	7.652257
-9.66	7.73715
-9.65	7.840382
-9.64	7.933692
-9.63	7.973908
-9.62	8.005024
-9.61	8.156621
-9.6	8.31503
-9.59	8.482757
-9.58	8.64219
-9.57	8.807229
-9.56	8.962241
-9.55	9.122335
-9.54	9.288474
-9.53	9.452097
-9.52	9.618975
-9.51	9.780023
-9.5	9.966668
-9.49	10.682651
-9.48	11.404399
-9.47	12.121977
-9.46	12.843936
-9.45	17.273707
-9.44	8.113941
-9.43	8.847184
-9.42	10.479785
-9.41	12.712269
-9.4	14.940632
-9.39	8.3204807
-9.38	9.1739488
-9.37	10.0308974
-9.36	12.572236
-9.35	11.792473
-9.34	11.176513
-9.33	10.62716
-9.32	10.07366
-9.31	9.51377
-9.3	8.95976
-9.29	8.4124
-9.28	7.85937
-9.27	7.29962
-9.26	7.5418
-9.25	8.83265
-9.24	10.35003
-9.23	12.46094
-9.22	15.44809
-9.21	18.44458
-9.2	37.79883
-9.19	22.14774
-9.18	22.68005
-9.17	23.20288
-9.16	23.72509
-9.15	19.48555
-9.14	19.49221
-9.13	19.50725
-9.12	19.5099
-9.11	19.51234
-9.1	16.60433
-9.09	3.33746
-9.08	2.4437113
-9.07	2.8725183
-9.06	3.300287
-9.05	18.530385
-9.04	18.736206
-9.03	18.926935
-9.02	18.112859
-9.01	15.516889
-9	13.092016
-8.99	12.47496
-8.98	11.85459
-8.97	11.48863
-8.96	11.174543
-8.95	11.078632
-8.94	11.036409
-8.93	10.984993
-8.92	10.929386
-8.91	11.571998
-8.9	12.577562
-8.89	13.581736
-8.88	14.60472
-8.87	17.130706
-8.86	19.820073
-8.85	22.516965
-8.84	25.21535
-8.83	20.169833
-8.82	20.544614
-8.81	20.91162
-8.8	18.827832
-8.79	17.5655
-8.78	16.308
-8.77	15.17706
-8.76	14.62094
-8.75	13.02673
-8.74	10.713502
-8.73	9.925215
-8.72	9.420554
-8.71	8.909358
-8.7	8.414266
-8.69	8.609091
-8.68	8.981819
-8.67	9.363783
-8.66	9.741567
-8.65	10.29476
-8.64	11.666124
-8.63	13.025866
-8.62	14.385874
-8.61	15.747486
-8.6	62.211745
-8.59	48.164584
-8.58	34.843935
-8.57	26.872819
-8.56	19.560776
-8.55	12.26852
-8.54	8.677744
-8.53	8.579144
-8.52	8.483432
-8.51	8.392979
-8.5	8.712448
-8.49	9.695473
-8.48	10.687319
-8.47	11.682699
-8.46	12.680069
-8.45	13.667544
-8.44	14.6702384
-8.43	14.4167647
-8.42	13.9559419
-8.41	13.5168022
-8.4	13.0657867
-8.39	12.6299511
-8.38	12.1873934
-8.37	11.7475019
-8.36	30.255275
-8.35	23.401899
-8.34	6.3819201
-8.33	6.4596697
-8.32	6.5444329
-8.31	6.6252791
-8.3	6.7090687
-8.29	6.7901799
-8.28	6.8706418
-8.27	6.954743
-8.26	7.038474
-8.25	7.1237086
-8.24	12.3807166
-8.23	11.9339246
-8.22	11.4963472
-8.21	11.0450895
-8.2	10.604208
-8.19	10.170024
-8.18	9.725928
-8.17	9.290776
-8.16	14.051008
-8.15	13.139184
-8.14	12.229847
-8.13	11.329307
-8.12	10.422663
-8.11	9.514191
-8.1	8.610894
-8.09	7.705184
-8.08	6.804945
-8.07	5.905671
-8.06	5.001882
-8.05	4.103531
-8.04	3.336969
-8.03	2.607452
-8.02	1.9320065
-8.01	3.020084
-8	4.858671
-7.99	6.776015
-7.98	8.76226
-7.97	10.90562
-7.96	13.16147
-7.95	8.78659
-7.94	8.26438
-7.93	7.82368
-7.92	7.38708
-7.91	6.936081
-7.9	7.09178
-7.89	7.53189
-7.88	7.97935
-7.87	8.42265
-7.86	8.86452
-7.85	9.31185
-7.84	9.74851
-7.83	10.18988
-7.82	10.63744
-7.81	11.07333
-7.8	11.52287
-7.79	12.1612
-7.78	12.97855
-7.77	13.79575
-7.76	14.59937
-7.75	15.4077
-7.74	16.22801
-7.73	17.04154
-7.72	17.84361
-7.71	18.65814
-7.7	19.47851
-7.69	15.29925
-7.68	15.27015
-7.67	19.1077
-7.66	15.84746
-7.65	14.88552
-7.64	13.93271
-7.63	12.9662
-7.62	12.02051
-7.61	11.09451
-7.6	15.12374
-7.59	30.62725
-7.58	11.38525
-7.57	11.28445
-7.56	11.24419
-7.55	11.1902
-7.54	11.14271
-7.53	11.09846
-7.52	11.80005
-7.51	12.51483
-7.5	13.23204
-7.49	13.94249
-7.48	10.90841
-7.47	11.2667
-7.46	11.61655
-7.45	11.97058
-7.44	12.32974
-7.43	12.6855
-7.42	13.03451
-7.41	13.40686
-7.4	13.75836
-7.39	14.57915
-7.38	15.44058
-7.37	16.30362
-7.36	17.12835
-7.35	17.91269
-7.34	18.71098
-7.33	19.50465
-7.32	19.99329
-7.31	17.97307
-7.3	15.93745
-7.29	34.03008
-7.28	27.38275
-7.27	20.73538
-7.26	14.55871
-7.25	9.10385
-7.24	8.23153
-7.23	7.52323
-7.22	6.81406
-7.21	6.10736
-7.2	5.40502
-7.19	4.74554
-7.18	4.37132
-7.17	13.00036
-7.16	12.21841
-7.15	11.43459
-7.14	10.65304
-7.13	9.87151
-7.12	9.26356
-7.11	8.84383
-7.1	8.4296
-7.09	8.00201
-7.08	7.58665
-7.07	7.16651
-7.06	6.7395
-7.05	6.51802
-7.04	6.58679
-7.03	6.65955
-7.02	6.73107
-7.01	6.80324
-7	6.87734
-6.99	6.94802
-6.98	7.01138
-6.97	7.08959
-6.96	7.8883
-6.95	11.03134
-6.94	16.39544
-6.93	28.85546
-6.92	41.27357
-6.91	35.65261
-6.9	9.90194
-6.89	9.99832
-6.88	10.09761
-6.87	10.19961
-6.86	10.29417
-6.85	10.39536
-6.84	9.88775
-6.83	9.98443
-6.82	10.07457
-6.81	10.18052
-6.8	10.273
-6.79	10.36744
-6.78	10.46808
-6.77	10.56956
-6.76	10.66837
-6.75	10.76211
-6.74	10.85882
-6.73	39.4129
-6.72	33.21499
-6.71	27.0273
-6.7	22.64696
-6.69	19.16663
-6.68	15.68855
-6.67	12.22781
-6.66	10.21312
-6.65	9.64523
-6.64	9.17912
-6.63	8.70686
-6.62	8.239836
-6.61	7.770243
-6.6	7.668378
-6.59	7.874917
-6.58	8.644426
-6.57	9.087805
-6.56	9.531047
-6.55	10.29277
-6.54	10.73126
-6.53	10.93803
-6.52	11.01601
-6.51	11.0954
-6.5	11.17248
-6.49	11.25889
-6.48	11.33707
-6.47	11.41789
-6.46	11.50448
-6.45	11.58673
-6.44	11.65212
-6.43	11.73235
-6.42	11.81863
-6.41	11.89776
-6.4	11.97464
-6.39	12.03727
-6.38	12.125
-6.37	12.20169
-6.36	12.28211
-6.35	12.35492
-6.34	12.43568
-6.33	14.46495
-6.32	23.83555
-6.31	13.9659
-6.3	18.89913
-6.29	24.49776
-6.28	13.81661
-6.27	12.98343
-6.26	12.15081
-6.25	11.30803
-6.24	10.46802
-6.23	9.632591
-6.22	8.90892
-6.21	8.479444
-6.2	10.402323
-6.19	9.604321
-6.18	8.811606
-6.17	8.017378
-6.16	174.4439
-6.15	12.22634
-6.14	16.28177
-6.13	20.428617
-6.12	10.27368
-6.11	9.429946
-6.1	8.585411
-6.09	7.757054
-6.08	6.904299
-6.07	6.064624
-6.06	5.228503
-6.05	4.3869
-6.04	3.551276
-6.03	2.861933
-6.02	2.603911
-6.01	3.032418
-6	3.610012
-5.99	4.647833
-5.98	6.318128
-5.97	8.81098
-5.96	11.38925
-5.95	13.95988
-5.94	16.50159
-5.93	19.03598
-5.92	10.62875
-5.91	10.51027
-5.9	10.37712
-5.89	10.23535
-5.88	10.08161
-5.87	9.93474
-5.86	9.77097
-5.85	12.81471
-5.84	18.71076
-5.83	24.67859
-5.82	8.93451
-5.81	9.07925
-5.8	9.24092
-5.79	9.44032
-5.78	9.6828
-5.77	9.92858
-5.76	10.17289
-5.75	10.4179
-5.74	10.66332
-5.73	10.89911
-5.72	11.14368
-5.71	11.38317
-5.7	11.62383
-5.69	12.14552
-5.68	13.13146
-5.67	14.13681
-5.66	15.14382
-5.65	16.15212
-5.64	17.15535
-5.63	55.44414
-5.62	34.24474
-5.61	13.879799
-5.6	9.019293
-5.59	13.100813
-5.58	17.548437
-5.57	22.106967
-5.56	26.740224
-5.55	10.995688
-5.54	11.256218
-5.53	11.524328
-5.52	11.784642
-5.51	12.041064
-5.5	12.681926
-5.49	12.923393
-5.48	13.161795
-5.47	13.85133
-5.46	14.09561
-5.45	14.58794
-5.44	15.29687
-5.43	16.2816
-5.42	16.97152
-5.41	17.24133
-5.4	17.8999
-5.39	18.21447
-5.38	18.39054
-5.37	18.81082
-5.36	19.78108
-5.35	20.75203
-5.34	21.21458
-5.33	21.54795
-5.32	21.8807
-5.31	22.2137
-5.3	22.54615
-5.29	22.26858
-5.28	21.05735
-5.27	19.92238
-5.26	18.91948
-5.25	17.9746
-5.24	17.04368
-5.23	16.47342
-5.22	40.22046
-5.21	15.93331
-5.2	16.23452
-5.19	16.52032
-5.18	16.5771
-5.17	16.70567
-5.16	16.80494
-5.15	16.892461
-5.14	16.985884
-5.13	17.198496
-5.12	17.615655
-5.11	18.036827
-5.1	18.461498
-5.09	18.866941
-5.08	19.28466
-5.07	19.700081
-5.06	20.124504
-5.05	20.533602
-5.04	18.470718
-5.03	15.11648
-5.02	12.0949024
-5.01	9.5521616
-5	10.5393374
-4.99	11.4913886
-4.98	11.859049
-4.97	12.0191454
-4.96	11.9431707
-4.95	11.8640157
-4.94	11.7821784
-4.93	11.7043786
-4.92	11.615186
-4.91	11.5375712
-4.9	11.4498536
-4.89	11.3682441
-4.88	8.887838
-4.87	8.8089825
-4.86	8.7274665
-4.85	8.648972
-4.84	8.561647
-4.83	8.4853923
-4.82	8.4043783
-4.81	8.3282934
-4.8	8.2500888
-4.79	8.1702236
-4.78	8.0868392
-4.77	8.0102043
-4.76	7.9268258
-4.75	7.8565992
-4.74	7.7777664
-4.73	7.6906538
-4.72	7.6138928
-4.71	20.3979094
-4.7	8.2408031
-4.69	5.8975582
-4.68	5.9382028
-4.67	6.1943408
-4.66	6.4526661
-4.65	6.7101456
-4.64	6.96134
-4.63	7.223204
-4.62	7.47899
-4.61	7.740167
-4.6	7.999637
-4.59	8.248404
-4.58	11.192414
-4.57	22.43194
-4.56	33.64133
-4.55	39.67183
-4.54	41.75369
-4.53	43.29156
-4.52	38.8043
-4.51	34.42613
-4.5	35.4194
-4.49	49.67182
-4.48	50.63915
-4.47	48.67024
-4.46	31.03782
-4.45	30.02625
-4.44	28.07385
-4.43	26.02014
-4.42	23.94413
-4.41	21.88169
-4.4	20.81558
-4.39	19.942
-4.38	18.29163
-4.37	16.6805
-4.36	15.32976
-4.35	14.91629
-4.34	14.58325
-4.33	14.25152
-4.32	16.41894
-4.31	19.19185
-4.3	21.9473
-4.29	25.76864
-4.28	30.45552
-4.27	35.40842
-4.26	27.326853
-4.25	49.891641
-4.24	46.802961
-4.23	40.361884
-4.22	30.694364
-4.21	17.4384171
-4.2	41.090122
-4.19	21.511703
-4.18	10.168396
-4.17	10.72929
-4.16	15.38117
-4.15	20.686517
-4.14	26.012308
-4.13	31.354647
-4.12	38.496289
-4.11	31.962404
-4.1	28.955123
-4.09	31.820721
-4.08	34.68626
-4.07	18.599667
-4.06	17.625366
-4.05	16.660532
-4.04	15.957188
-4.03	15.586623
-4.02	15.211363
-4.01	15.355286
-4	23.499271
-3.99	27.19607
-3.98	41.77631
-3.97	34.98283
-3.96	28.16555
-3.95	21.66101
-3.94	15.715047
-3.93	24.20305
-3.92	50.414473
-3.91	41.642074
-3.9	22.643732
-3.89	23.399333
-3.88	24.235051
-3.87	26.295605
-3.86	28.495198
-3.85	30.77182
-3.84	33.03635
-3.83	30.06354
-3.82	27.32526
-3.81	31.60061
-3.8	35.83544
-3.79	67.77806
-3.78	34.26748
-3.77	10.65281
-3.76	10.89294
-3.75	14.52633
-3.74	13.66267
-3.73	12.79319
-3.72	11.93599
-3.71	11.06701
-3.7	11.56168
-3.69	12.8124
-3.68	14.08639
-3.67	19.80084
-3.66	27.79243
-3.65	37.90274
-3.64	43.51441
-3.63	42.546
-3.62	36.2335
-3.61	35.609682
-3.6	34.630618
-3.59	33.638933
-3.58	32.592897
-3.57	29.101355
-3.56	12.761149
-3.55	12.98696
-3.54	19.79348
-3.53	23.00233
-3.52	26.41188
-3.51	27.52255
-3.5	27.68279
-3.49	27.85864
-3.48	28.02707
-3.47	28.17637
-3.46	28.32948
-3.45	28.32809
-3.44	28.52531
-3.43	83.04189
-3.42	18.81045
-3.41	14.63234
-3.4	14.59531
-3.39	14.57749
-3.38	13.49446
-3.37	13.737
-3.36	13.97599
-3.35	14.22065
-3.34	14.47025
-3.33	14.72172
-3.32	14.97122
-3.31	15.23507
-3.3	19.39031
-3.29	17.69024
-3.28	15.99201
-3.27	25.2108
-3.26	25.90768
-3.25	39.11573
-3.24	39.45733
-3.23	36.93812
-3.22	34.3489
-3.21	32.005224
-3.2	30.56228
-3.19	28.981363
-3.18	27.422262
-3.17	25.866511
-3.16	24.01506
-3.15	19.945447
-3.14	15.107717
-3.13	10.90619
-3.12	5.4398998
-3.11	7.160501
-3.1	9.878157
-3.09	13.16005
-3.08	16.45583
-3.07	19.77831
-3.06	23.25191
-3.05	33.31666
-3.04	21.40464
-3.03	17.33251
-3.02	16.84474
-3.01	21.73948
-3	44.06868
-2.99	17.24061
-2.98	18.2626
-2.97	19.50919
-2.96	20.80272
-2.95	22.16952
-2.94	13.38416
-2.93	13.47821
-2.92	14.33097
-2.91	15.18399
-2.9	16.04478
-2.89	16.89609
-2.88	17.74035
-2.87	18.59791
-2.86	19.54154
-2.85	21.89603
-2.84	24.2443
-2.83	27.278992
-2.82	32.394139
-2.81	37.522294
-2.8	29.424489
-2.79	32.107061
-2.78	20.622156
-2.77	20.356505
-2.76	20.090938
-2.75	19.831215
-2.74	19.567129
-2.73	19.300839
-2.72	19.049238
-2.71	18.779881
-2.7	18.508863
-2.69	18.247868
-2.68	18.594578
-2.67	19.954504
-2.66	21.888695
-2.65	22.230074
-2.64	22.366737
-2.63	22.517869
-2.62	22.6673
-2.61	22.809809
-2.6	22.965108
-2.59	23.160061
-2.58	23.376063
-2.57	22.8460734
-2.56	20.8789712
-2.55	18.9018612
-2.54	16.9506094
-2.53	16.7947402
-2.52	17.0483554
-2.51	17.2969689
-2.5	17.5327244
-2.49	17.8287973
-2.48	18.1253605
-2.47	18.4189441
-2.46	18.7252126
-2.45	18.681295
-2.44	18.9250705
-2.43	19.3333872
-2.42	19.8559113
-2.41	20.3644969
-2.4	20.8896293
-2.39	21.4135569
-2.38	21.9367731
-2.37	22.0636312
-2.36	21.9896492
-2.35	21.2727949
-2.34	24.1005229
-2.33	36.5472526
-2.32	19.6899398
-2.31	19.4058773
-2.3	19.1548642
-2.29	18.8977021
-2.28	18.6436566
-2.27	18.3871622
-2.26	20.3097034
-2.25	20.0917714
-2.24	19.8929933
-2.23	19.7055803
-2.22	25.3507131
-2.21	24.0224867
-2.2	20.0832596
-2.19	18.0432431
-2.18	13.8059805
-2.17	11.2745385
-2.16	11.9236371
-2.15	12.566386
-2.14	12.7074116
-2.13	12.4651066
-2.12	12.2256273
-2.11	13.4011364
-2.1	37.300981
-2.09	14.3798668
-2.08	17.2568371
-2.07	20.0188806
-2.06	26.9219646
-2.05	27.2832082
-2.04	27.6491873
-2.03	28.0110447
-2.02	77.671339
-2.01	40.9409538
-2	37.0255944
-1.99	41.468519
-1.98	49.309741
-1.97	66.191402
-1.96	70.755936
-1.95	61.275641
-1.94	40.8767421
-1.93	39.2606811
-1.92	19.8794853
-1.91	17.8288048
-1.9	20.6164078
-1.89	19.521715
-1.88	18.4163512
-1.87	42.459976
-1.86	10.0414714
-1.85	27.1552904
-1.84	21.4028102
-1.83	19.4422519
-1.82	29.7533818
-1.81	27.6417464
-1.8	25.5015062
-1.79	23.3456833
-1.78	21.6287449
-1.77	19.9349589
-1.76	18.2478057
-1.75	16.7031224
-1.74	16.90715182
-1.73	16.96121974
-1.72	18.19433446
-1.71	18.6832702
-1.7	30.8715999
-1.69	87.73731149
-1.68	22.16980734
-1.67	19.52912194
-1.66	48.434424
-1.65	29.4553869
-1.64	20.2024582
-1.63	17.8136652
-1.62	18.715892
-1.61	18.2091693
-1.6	15.7335217
-1.59	15.2988882
-1.58	15.1617318
-1.57	13.908791
-1.56	13.6299584
-1.55	14.1538853
-1.54	14.6695535
-1.53	15.2022059
-1.52	15.7213837
-1.51	16.2583285
-1.5	16.7766698
-1.49	36.1229829
-1.48	10.81114138
-1.47	17.39607332
-1.46	30.3594485
-1.45	43.7543043
-1.44	48.347464
-1.43	19.4457477
-1.42	18.2243925
-1.41	28.0537281
-1.4	10.16703223
-1.39	10.13702384
-1.38	10.10706279
-1.37	10.07283131
-1.36	15.57209696
-1.35	14.52169279
-1.34	13.47710869
-1.33	12.71430005
-1.32	11.7051039
-1.31	10.69285189
-1.3	9.68617935
-1.29	8.67038916
-1.28	7.9966874
-1.27	7.88644421
-1.26	7.77598483
-1.25	7.67008618
-1.24	7.56152921
-1.23	7.45240174
-1.22	9.87171413
-1.21	12.67247698
-1.2	15.46433784
-1.19	18.50796249
-1.18	25.46453819
-1.17	30.193211
-1.16	35.095863
-1.15	110.707271
-1.14	18.0874971
-1.13	15.7517263
-1.12	13.1168396
-1.11	10.5242143
-1.1	10.1622292
-1.09	9.8010451
-1.08	9.4382345
-1.07	9.0722745
-1.06	8.7142254
-1.05	8.3577436
-1.04	7.9953089
-1.03	7.6271086
-1.02	7.2722221
-1.01	7.3779094
-1	7.5874797
-0.99	7.79118
-0.98	8.0004448
-0.97	8.2085923
-0.96	8.4166714
-0.95	6.7496643
-0.94	7.1230864
-0.93	12.3122005
-0.92	17.4903402
-0.91	22.6623018
-0.9	29.2426286
-0.89	39.6295809
-0.88	12.6387982
-0.87	8.3493539
-0.86	31.3408993
-0.85	16.3873533
-0.84	15.1756415
-0.83	13.9607742
-0.82	12.7489798
-0.81	11.543457
-0.8	10.3268858
-0.79	9.11961631
-0.78	7.90502921
-0.77	6.93361943
-0.76	7.28945837
-0.75	9.61467765
-0.74	9.45980566
-0.73	9.29837139
-0.72	9.13909604
-0.71	8.98331133
-0.7	8.82137604
-0.69	8.66218537
-0.68	9.05708843
-0.67	9.588229
-0.66	10.1056518
-0.65	10.6336901
-0.64	11.1603639
-0.63	6.21608778
-0.62	6.19651435
-0.61	6.18345689
-0.6	6.16816609
-0.59	6.15317827
-0.58	6.13681071
-0.57	6.12633643
-0.56	6.09821509
-0.55	6.01066849
-0.54	5.87404511
-0.53	5.71681392
-0.52	5.56149514
-0.51	5.40325216
-0.5	5.24870519
-0.49	5.09466834
-0.48	4.94054259
-0.47	4.78397154
-0.46	4.62686991
-0.45	4.47110998
-0.44	4.31567686
-0.43	4.15889275
-0.42	4.00207045
-0.41	3.90065101
-0.4	3.86621104
-0.39	3.82758676
-0.38	3.79183987
-0.37	3.75260567
-0.36	3.71623007
-0.35	3.67317496
-0.34	3.64447585
-0.33	3.60253472
-0.32	3.56680029
-0.31	3.52701895
-0.3	3.4883409
-0.29	3.45085755
-0.28	3.41699099
-0.27	3.380304721
-0.26	2.739460867
-0.25	2.617538193
-0.24	2.496576122
-0.23	2.378372655
-0.22	2.257997341
-0.21	2.13596252
-0.2	2.014182302
-0.19	1.894334078
-0.18	1.777959587
-0.17	1.656750699
-0.16	1.537867985
-0.15	1.420264404
-0.14	1.299908856
-0.13	1.179797612
-0.12	1.060353231
-0.11	0.940746193
-0.1	0.8214170883
-0.09	0.7015501772
-0.08	0.5822814594
-0.07	0.4625757349
-0.06	0.3433536617
-0.05	0.22377540282
-0.04	0.10429243927
-0.03	0
-0.02	0
-0.01	0
0	0
0.01	0
0.02	0
0.03	0
0.04	0
0.05	0
0.06	0
0.07	0.017428128
0.08	0.10599772
0.09	0.194470678
0.1	0.321023878
0.11	0.50679009
0.12	0.7035353
0.13	0.90184584
0.14	1.10066631
0.15	1.30038988
0.16	1.49844834
0.17	1.6969977
0.18	1.896274
0.19	2.0914947
0.2	2.2921137
0.21	2.489838
0.22	2.6900443
0.23	2.8882823
0.24	3.0896085
0.25	3.2868385
0.26	3.4802171
0.27	6.8771691
0.28	6.9840548
0.29	7.575135
0.3	7.7499722
0.31	7.9143119
0.32	8.0892878
0.33	9.3922388
0.34	17.9789702
0.35	30.637094
0.36	43.249199
0.37	23.176019
0.38	22.586698
0.39	21.989412
0.4	13.908053
0.41	4.6604235
0.42	4.8287477
0.43	19.0830042
0.44	21.3492025
0.45	25.3156408
0.46	56.856162
0.47	0.462413
0.48	0.4750564
0.49	0.4887475
0.5	0.5016675
0.51	0.5143472
0.52	0.5275318
0.53	0.5401389
0.54	0.5535759
0.55	0.566079
0.56	0.5793708
0.57	0.5926287
0.58	2.1819284
0.59	4.3573505
0.6	11.433157
0.61	25.277328
0.62	57.39807
0.63	120.33526
0.64	32.701191
0.65	29.443166
0.66	28.322911
0.67	38.821743
0.68	35.181541
0.69	30.5674272
0.7	27.337261
0.71	24.1619542
0.72	19.4117979
0.73	17.7595301
0.74	20.6339832
0.75	31.6677312
0.76	28.4963583
0.77	5.0949881
0.78	0.7781543
0.79	0.78707
0.8	0.7965895
0.81	0.8058462
0.82	0.8154083
0.83	0.8246028
0.84	0.8333555
0.85	0.8430398
0.86	0.8526638
0.87	0.8615327
0.88	0.8706471
0.89	0.8800247
0.9	0.8892982
0.91	0.8984393
0.92	0.9078191
0.93	0.9168773
0.94	0.9262213
0.95	0.9360771
0.96	0.9448544
0.97	0.9540474
0.98	0.9636927
0.99	0.9729731
1	0.9823469
1.01	0.9914414
1.02	1.0006861
1.03	1.0093994
1.04	1.0186441
1.05	1.0279384
1.06	1.0377639
1.07	1.9147963
1.08	5.838427
1.09	9.759959
1.1	3.743293
1.11	4.033817
1.12	4.32871
1.13	4.979201
1.14	5.635888
1.15	7.404747
1.16	12.362057
1.17	17.80689
1.18	23.26212
1.19	28.6997
1.2	34.17102
1.21	23.877514
1.22	24.09374
1.23	24.627758
1.24	22.140312
1.25	16.675438
1.26	12.591933
1.27	13.247025
1.28	13.942085
1.29	15.116213
1.3	16.302579
1.31	16.428116
1.32	14.506588
1.33	15.29183
1.34	16.324864
1.35	16.277286
1.36	16.234041
1.37	16.192329
1.38	16.156282
1.39	16.169063
1.4	16.362307
1.41	16.552382
1.42	16.737659
1.43	16.926996
1.44	21.577899
1.45	21.010384
1.46	20.442083
1.47	19.848677
1.48	19.160794
1.49	17.725582
1.5	16.413626
1.51	16.608413
1.52	26.611798
1.53	24.02555
1.54	21.436788
1.55	18.844675
1.56	22.537538
1.57	24.77411
1.58	28.12638
1.59	22.738907
1.6	26.64198
1.61	29.64592
1.62	30.49673
1.63	28.60295
1.64	26.72149
1.65	24.83068
1.66	18.78153
1.67	18.50481
1.68	15.10154
1.69	17.38156
1.7	19.64581
1.71	21.90368
1.72	70.87906
1.73	7.939168
1.74	21.04642
1.75	18.94389
1.76	16.83664
1.77	14.72619
1.78	12.82648
1.79	11.28287
1.8	35.22595
1.81	13.26666
1.82	12.658343
1.83	13.29228
1.84	14.07901
1.85	14.87684
1.86	16.38793
1.87	17.87853
1.88	18.52919
1.89	19.67965
1.9	23.9091
1.91	28.2226
1.92	31.8362
1.93	29.7868
1.94	32.153
1.95	36.7717
1.96	41.355
1.97	45.457
1.98	28.7259
1.99	35.64285
2	32.70206
2.01	30.6886
2.02	19.44726
2.03	17.89063
2.04	26.22104
2.05	32.54967
2.06	28.62502
2.07	24.66243
2.08	22.2275
2.09	20.22684
2.1	18.28967
2.11	16.97458
2.12	23.45281
2.13	19.86041
2.14	16.25391
2.15	12.629
2.16	9.605609
2.17	9.117228
2.18	9.400874
2.19	17.31928
2.2	24.13094
2.21	31.15521
2.22	38.29665
2.23	16.59335
2.24	16.44106
2.25	28.8125
2.26	24.44728
2.27	20.10029
2.28	20.30806
2.29	21.31243
2.3	22.38966
2.31	18.01259
2.32	18.17977
2.33	18.35509
2.34	18.53095
2.35	18.83341
2.36	18.92329
2.37	18.92398
2.38	18.91385
2.39	18.61864
2.4	18.19831
2.41	17.77033
2.42	12.52797
2.43	11.70374
2.44	10.87579
2.45	10.0538
2.46	9.23913
2.47	20.18525
2.48	17.0544
2.49	13.94227
2.5	10.81899
2.51	7.68131
2.52	4.554425
2.53	3.583068
2.54	2.769383
2.55	2.05354
2.56	1.658671
2.57	1.2632305
2.58	0.8678801
2.59	0.4710607
2.6	0.074650688
2.61	0
 
